ID	RoleType	Type	ShowID	Name	Des	IconID	FlipID	DefaultRGBA	Label
0	0	0	0			0	-1	255;255;255;255	0
1	1	0	1	默认		5831		180;142;117;255	
2	1	0	2	逸群		5832		192;153;134;255	
3	1	0	3	白净		5833		186;151;137;255	
4	1	0	4	古铜		5834		173;131;105;255	
5	1	0	5	硬朗		5835		183;147;122;255	
6	1	0	6	冠玉		5836		185;137;113;255	
7	1	0	7	墨颜		12879		185;137;113;255	
8	1	0	8	皎月		14582		185;137;113;255	
9	1	1	1	默认		5849		69;64;48;255	
10	1	1	2	锦瑟		5849		69;64;48;255	
11	1	1	3	秋练		5842		89;64;63;255	
12	1	1	4	玄烛		5843		89;90;80;255	
13	1	1	5	纤阿		5850		49;40;34;255	
14	1	1	6	琳琅		5845		122;73;32;255	
15	1	1	7	望舒		5846		106;105;113;255	
16	1	1	8	猫眼		5847		32;25;24;255	
17	1	1	9	浮图		5848		52;52;34;255	
18	1	1	10	黑洞		13598		171;158;122;255	
19	1	1	11	守望星辰		13599		111;86;68;255	
20	1	1	12	七星北斗		13600		125;106;144;255	
21	1	1	13	轮回		13601		126;112;111;255	
22	1	2	1	默认		5849		69;64;48;255	
23	1	2	2	锦瑟		5849		69;64;48;255	
24	1	2	3	秋练		5842		89;64;63;255	
25	1	2	4	玄烛		5843		89;90;80;255	
26	1	2	5	纤阿		5850		49;40;34;255	
27	1	2	6	琳琅		5845		122;73;32;255	
28	1	2	7	望舒		5846		106;105;113;255	
29	1	2	8	猫眼		5847		32;25;24;255	
30	1	2	9	浮图		5848		52;52;34;255	
31	1	2	10	黑洞		13598		171;158;122;255	
32	1	2	11	守望星辰		13599		111;86;68;255	
33	1	2	12	七星北斗		13600		125;106;144;255	
34	1	2	13	轮回		13601		126;112;111;255	
35	1	3	0	默认		5815		255;255;255;255	
36	1	3	1	叠嶂		5806		91;66;58;255	
37	1	3	2	墨央		5807		103;70;53;255	
38	1	3	3	铁目		5808		98;72;64;255	
39	1	3	4	粉黛		5809		127;43;54;255	
40	1	3	5	惑心		5810		163;53;67;255	
41	1	3	6	蝶恋花		5811		66;68;155;255	
42	1	3	7	罗刹		5812		64;37;37;255	
43	1	3	8	羽焰		5813		167;51;76;255	
44	1	3	9	紫颜		5814		153;96;172;255	
45	1	4	1	默认		5762		0;0;0;255	
46	1	4	2	一字		5762		0;0;0;255	
47	1	4	3	二分		5763		0;0;0;255	
48	1	4	4	三刻		5764		0;0;0;255	
49	1	4	5	复峦		5765		0;0;0;255	
50	1	4	6	云目		5766		0;0;0;255	
51	1	4	7	丹枫		5767		0;0;0;255	
52	1	4	8	徒降		5768		0;0;0;255	
53	1	4	9	潮起		5769		0;0;0;255	
54	1	4	10	崖口		5770		0;0;0;255	
55	1	4	11	凝然		5771		0;0;0;255	
56	1	4	12	平刃		5772		0;0;0;255	
57	1	5	1	默认		5666		0;0;0;255	
58	1	5	21	山黛		13617		0;0;0;255	
59	1	5	22	尺峰		13618		0;0;0;255	
60	1	5	23	烈狐		13619		0;0;0;255	
61	1	5	24	惑主		13620		0;0;0;255	
62	1	5	25	问究		13621		0;0;0;255	
63	1	5	2	峰眉		5666		0;0;0;255	
64	1	5	3	上挑眉		5667		0;0;0;255	
65	1	5	4	朴实眉		5668		0;0;0;255	
66	1	5	5	飞将眉		5669		0;0;0;255	
67	1	5	6	英杰眉		5670		0;0;0;255	
68	1	5	7	刚正眉		5671		0;0;0;255	
69	1	5	8	刀眉		5672		0;0;0;255	
70	1	5	9	猛张飞		5673		0;0;0;255	
71	1	5	10	羽玉眉		5674		0;0;0;255	
72	1	5	11	狮子眉		5675		0;0;0;255	
73	1	5	12	赛吕布		5676		0;0;0;255	
74	1	5	13	螺旋眉		5677		0;0;0;255	
75	1	5	14	罗汉眉		5678		0;0;0;255	
76	1	5	15	霜剑		6367		255;255;255;255	
77	1	5	16	苍鹰		6368		255;255;255;255	
78	1	5	17	霜叶		6369		255;255;255;255	
79	1	5	18	白毫		6370		255;255;255;255	
80	1	5	19	月毫		6371		255;255;255;255	
81	1	5	20	断浪		7084		0;0;0;255	
82	1	5	0	无		5815		255;255;255;255	
83	1	6	0	默认		5815		255;255;255;255	
84	1	6	1	青皮胡		5999		0;0;0;255	
85	1	6	2	八字胡		6000		0;0;0;255	
86	1	6	3	亦邪胡		6001		0;0;0;255	
87	1	6	4	避世胡		6002		0;0;0;255	
88	1	6	5	英杰胡		6003		0;0;0;255	
89	1	6	6	飞将胡		6004		0;0;0;255	
90	1	6	7	逐世胡		6005		0;0;0;255	
91	1	6	8	地主胡		6006		0;0;0;255	
92	1	6	9	中原胡		6007		0;0;0;255	
93	1	6	10	大络腮胡		6008		0;0;0;255	
94	1	6	11	小络腮胡		6009		0;0;0;255	
95	1	6	12	卫生胡		6010		0;0;0;255	
96	1	6	13	蝉翼胡		6659		0;0;0;255	
97	1	6	14	地主胡<白>		6660		0;0;0;255	
98	1	6	15	小络腮胡<白>		6661		0;0;0;255	
99	1	6	16	玉尘胡		6662		0;0;0;255	
100	1	6	17	大络腮胡<白>		6663		0;0;0;255	
101	1	6	18	酒糟鼻		5549		222;131;122;255	
102	1	7	1	默认		5599		117;76;58;255	
103	1	7	2	久旱		5599		117;76;58;255	
104	1	7	3	河源		5600		128;62;52;255	
105	1	7	4	相逢		5601		131;80;64;255	
106	1	7	5	不动		5602		130;72;55;255	
107	1	7	6	根性		5603		124;84;72;255	
108	1	7	7	厚待		5604		138;74;73;255	
109	1	7	8	烈焰		5605		102;33;22;255	
110	1	7	9	光影		5606		119;72;62;255	
111	1	7	10	随欲		5607		108;57;50;255	
112	1	7	11	枯藤		5608		128;84;69;255	
113	1	7	12	鹰喙		5609		105;65;52;255	
114	1	7	13	鱼唇		5610		157;92;83;255	
115	1	8	1	默认		5556		255;255;255;255	
116	1	8	2	剪水		5556		255;255;255;255	
117	1	8	3	星眸		5557		255;255;255;255	
118	1	8	4	秋水		5558		255;255;255;255	
119	1	8	5	横波		5559		255;255;255;255	
120	1	8	6	春水		5560		255;255;255;255	
121	1	8	7	凝睇		5561		255;255;255;255	
122	1	8	8	清泉		5562		158;194;215;255	
123	1	8	9	悬珠		5563		255;255;255;255	
124	1	8	10	朗星		5564		255;255;255;255	
125	1	8	11	点漆		5565		255;255;255;255	
126	1	8	12	桃花		5566		255;255;255;255	
127	1	8	13	写轮		5567		255;255;255;255	
128	1	8	14	相印		5568		255;255;255;255	
129	1	8	0	无		5816		255;255;255;255	
130	1	9	0	默认		5815		255;255;255;255	
131	1	9	191	翠叶		15267	192	90;89;103;255	
132	1	9	193	连星		15265	194	173;159;71;255	
133	1	9	195	攀眉		15266	196	210;211;213;255	
134	1	9	188	菱花		14760	189	255;255;255;255	
135	1	9	190	鳞蛟		14761		255;255;255;255	
136	1	9	186	浴血		14584	187	177;91;82;255	
137	1	9	185	纤云		13708		177;91;82;255	
138	1	9	183	深雪		11363		134;173;205;255	
139	1	9	184	胧月夜		11368		166;78;65;255	
140	1	9	169	流金		10547		219;204;123;255	
141	1	9	170	惊昙		10540		255;255;255;255	
142	1	9	171	轻羽		10550		255;255;255;255	
143	1	9	172	鸡爪爪		10543		0;0;0;255	
144	1	9	173	双星泪		10552		0;0;0;255	
145	1	9	174	曼殊沙华		10542		161;45;51;255	
146	1	9	175	夕燕		10545		161;45;51;255	
147	1	9	176	灿金		10549		219;204;123;255	
148	1	9	177	狐说		10544		255;255;255;255	
149	1	9	178	魅星		10541		0;0;0;255	
150	1	9	179	妖星		10546		0;0;0;255	
151	1	9	180	逢虎		10548		0;0;0;255	
152	1	9	182	魂迷夜		10551		0;0;0;255	
153	1	9	163	泪		5714	164	0;0;0;255	
154	1	9	165	无泪		5714	166	0;0;0;255	
155	1	9	167	美人痣		5714	168	0;0;0;255	
156	1	9	161	比翼		10182		243;217;98;255	
157	1	9	162	尘缘		10183		255;255;255;255	
158	1	9	151	流枫		10186		240;195;102;255	
159	1	9	152	孔雀舞		10185		61;111;98;255	
160	1	9	153	天香引		10177		63;128;169;255	
161	1	9	154	醉花荫		10176	155	230;151;171;255	
162	1	9	156	映雪		10178	160	255;255;255;255	
163	1	9	157	锦瑟		10179		174;109;122;255	
164	1	9	158	引仙		10180		206;193;93;255	
165	1	9	159	怒连心		10181		0;0;0;255	
166	1	9	140	马王爷		8957		182;164;114;255	
167	1	9	141	不染		8958		210;170;162;255	
168	1	9	142	别艳		8952		110;25;24;255	
169	1	9	143	滴血		8960		38;31;25;255	
170	1	9	144	狱蛇		8959		255;255;255;255	
171	1	9	145	昂		8955		141;30;10;255	
172	1	9	146	帅意贴		8956		0;0;0;255	
173	1	9	147	慈悲		8954		224;199;142;255	
174	1	9	148	踪		8953	149	248;189;171;255	
175	1	9	150	熊来了		8951		99;95;94;255	
176	1	9	130	百回叱咤		8878		0;0;0;255	
177	1	9	131	望空		8879		167;66;34;255	
178	1	9	132	形伤旧事		8880		0;0;0;255	
179	1	9	133	残阳里		8881		187;75;48;255	
180	1	9	134	寒声碎		8882		255;255;255;255	
181	1	9	135	魔夜挽花		8883		0;0;0;255	
182	1	9	136	中宵寐		8884		0;0;0;255	
183	1	9	137	煌煌遗踪		8885		0;0;0;255	
184	1	9	138	秋寂		8887		255;255;255;255	
185	1	9	139	戏言峥嵘		8886		79;60;44;255	
186	1	9	125	枯荣		8279		255;255;255;255	
187	1	9	126	庭翼		8281		255;255;255;255	
188	1	9	127	菊踪		8282		255;255;255;255	
189	1	9	128	荣芳		8283		255;255;255;255	
190	1	9	129	金莲开		8277		182;152;102;255	
191	1	9	120	广交		7960		166;158;152;255	
192	1	9	121	飞轩		7959		166;158;152;255	
193	1	9	122	莲生		7964		166;158;152;255	
194	1	9	123	鲛鲸		7962		137;112;100;255	
195	1	9	124	垂眼		7958		136;122;116;255	
196	1	9	118	[六周年特别版]盾舞		7090		0;0;0;255	
197	1	9	119	祥云		7091		229;217;209;255	
198	1	9	115	中征		6996		194;194;194;255	
199	1	9	117	晴敛		6997	116	107;108;151;255	
200	1	9	111	凤尾		6791	112	85;70;42;255	
201	1	9	99	[五周年特别版]阴阳		6260		109;115;168;255	
202	1	9	100	[五周年特别版]素问		6267	101	93;136;141;255	
203	1	9	102	[五周年特别版]奇门遁甲 		6265	103	33;54;74;255	
204	1	9	104	[五周年特别版]大唐魂		6266		200;66;61;255	
205	1	9	105	[五周年特别版]莲华佛缘		6264		255;255;255;255	
206	1	9	106	[五周年特别版]幻蛛		6268		97;65;96;255	
207	1	9	107	[五周年特别版]剑魄		6259		237;202;123;255	
208	1	9	108	[五周年特别版]光明火		6262		148;43;55;255	
209	1	9	109	[五周年特别版]降龙		6261	110	52;57;122;255	
210	1	9	1	一点红		5683		198;89;80;255	
211	1	9	2	冷香		5685		196;56;97;255	
212	1	9	3	锦上		5686		177;78;62;255	
213	1	9	4	六出		5688		195;77;107;255	
214	1	9	5	菡萏		5691		255;255;255;255	
215	1	9	6	月夕		5692		255;255;255;255	
216	1	9	7	般若		5693		107;92;75;255	
217	1	9	8	金刚		5694		107;92;75;255	
218	1	9	9	断戟		5679	10	140;99;90;255	
219	1	9	11	烽烟		5680	12	140;99;90;255	
220	1	9	13	无双		5681		140;99;90;255	
221	1	9	14	剑风		5682	15	140;99;90;255	
222	1	9	16	恋		5698	17	215;99;72;255	
223	1	9	18	清霜醉		5702	19	246;212;215;255	
224	1	9	20	纷落		5703	21	246;212;215;255	
225	1	9	22	一剪梅		5704	23	208;144;139;255	
226	1	9	24	长恨		5706		0;0;0;255	
227	1	9	25	忘川		5705	26	0;0;0;255	
228	1	9	27	奈何		5706	28	0;0;0;255	
229	1	9	29	黄泉		5707	30	119;18;0;255	
230	1	9	31	蛮王		5708		221;79;53;255	
231	1	9	32	孤云出岫		5709		153;37;26;255	
232	1	9	33	惊鸿一瞥		5710		114;48;55;255	
233	1	9	34	战神		5712	35	99;23;20;255	
234	1	9	36	不败战神		5712		99;23;20;255	
235	1	9	37	浮世绘		5715		95;55;53;255	
236	1	9	38	无常		5716		0;0;0;255	
237	1	9	39	发		5727		135;3;0;255	
238	1	9	40	囚		5728		0;0;0;255	
239	1	9	41	死		5729		0;0;0;255	
240	1	9	42	玩		5730		223;0;15;255	
241	1	9	43	归去来兮		5722	44	46;29;23;255	
242	1	9	45	墨凤		5723		37;29;29;255	
243	1	9	46	墨龙		5724	47	37;29;29;255	
244	1	9	48	龙啸九天		5725	49	37;29;29;255	
245	1	9	50	杯弓		5726	51	37;29;29;255	
246	1	9	52	忘忧		5721	53	255;255;255;255	
247	1	9	54	冰封		5718	55	162;186;230;255	
248	1	9	56	粉墨登场		5711		197;110;102;255	
249	1	9	57	熊猫眼		6040		0;0;0;255	
250	1	9	58	痛扁		6028		141;102;103;255	
251	1	9	59	霜锋		6031		109;69;51;255	
252	1	9	60	血仇		6041	61	154;35;35;255	
253	1	9	62	二郎神		6033		0;0;0;255	
254	1	9	63	拆		6029		210;40;40;255	
255	1	9	64	小哈		6039		255;255;255;255	
256	1	9	65	刻骨		6032	66	109;69;51;255	
257	1	9	67	巴掌		6037		154;35;35;255	
258	1	9	68	脚印		6036		0;0;0;255	
259	1	9	69	入魔		6081		103;66;53;255	
260	1	9	70	狰狞		6094	71	141;91;73;255	
261	1	9	72	景云		6085		155;41;24;255	
262	1	9	73	北斗		6083		227;224;119;255	
263	1	9	74	北斗伤		6084		150;117;94;255	
264	1	9	75	雀斑		6091		189;156;135;255	
265	1	9	76	血煞		6093	77	87;0;0;255	
266	1	9	78	血煞修罗		6093		87;0;0;255	
267	1	9	79	阴符		6092	80	51;42;37;255	
268	1	9	81	天目		6086		90;0;0;255	
269	1	9	82	血瞳		6087		101;10;9;255	
270	1	9	83	森罗		6090	84	177;0;0;255	
271	1	9	85	森罗万象		6090		177;0;0;255	
272	1	9	86	内牛满面		6131		213;194;185;255	
273	1	9	87	纤横		6130		70;60;53;255	
274	1	9	88	有凤来仪		6127		184;11;0;255	
275	1	9	89	狠戾		6133		173;129;107;255	
276	1	9	90	习目		6135	91	0;0;0;255	
277	1	9	92	羽目		6135		0;0;0;255	
278	1	9	93	蜈蚣		6129	94	0;0;0;255	
279	1	9	95	邪魅		6134		0;0;0;255	
280	1	9	96	鬼面		6128		175;33;16;255	
281	1	9	97	花愁		6132		0;0;0;255	
282	1	9	98	菱眼		6136		0;0;0;255	
283	1	10	0	默认		5569		163;73;64;255	
284	1	10	1	莹砂		5569		163;73;64;255	
285	1	10	2	凝心		5569		163;73;64;255	
286	1	10	3	烁晶		5569		163;73;64;255	
287	1	10	4	落雪		5569		163;73;64;255	
288	1	10	5	星芒		5569		163;73;64;255	
289	1	10	6	月辰		5569		163;73;64;255	
290	1	10	7	惜春		5569		163;73;64;255	
291	1	11	0	默认		5569		163;73;64;255	
292	1	11	1	叠涂_1		5569		163;73;64;255	
293	1	11	3	叠涂_3		5569		163;73;64;255	
294	1	11	4	叠涂_4		5569		163;73;64;255	
295	1	12	0	默认		5569		163;73;64;255	
296	1	12	2	倾妃		5569		163;73;64;255	
297	1	13	0	默认		5815		255;255;255;255	
298	1	13	1	蝶翼・底		13733		255;255;255;255	
299	1	13	2	流火・底		13734		255;255;255;255	
300	1	13	3	霜尘・底		13735		255;255;255;255	
301	1	13	4	星雪・底		13736		255;255;255;255	
302	1	13	5	灵犀・底		13737		255;255;255;255	
303	1	13	6	谜影・底		14574		255;255;255;255	
304	1	13	7	沧尘・底		14577		255;255;255;255	
305	1	13	8	轻扬・底		14736		255;255;255;255	
306	1	13	9	绛尾・底		14737		255;255;255;255	
307	1	13	10	青枝・底		15262		255;255;255;255	
308	1	13	11	潮生・底		15263		255;255;255;255	
309	1	13	12	猫儿・底		15264		255;255;255;255	
310	1	14	0	默认		5815		255;255;255;255	
311	1	14	1	蝶翼・叠		13738		255;255;255;255	
312	1	14	2	流火・叠		13739		255;255;255;255	
313	1	14	3	霜尘・叠		13740		255;255;255;255	
314	1	14	4	星雪・叠		13741		255;255;255;255	
315	1	14	5	灵犀・叠		13742		255;255;255;255	
316	1	14	6	谜影・叠		14574		255;255;255;255	
317	1	14	7	沧尘・叠		14578		255;255;255;255	
318	1	14	8	轻扬・叠		14738		255;255;255;255	
319	1	14	9	绛尾・叠		14739		255;255;255;255	
320	1	14	10	青枝・叠		15262		255;255;255;255	
321	1	14	11	潮生・叠		15263		255;255;255;255	
322	1	14	12	猫儿・叠		15264		255;255;255;255	
323	1	15	0	默认		5815		255;255;255;255	
324	1	15	1	蝶翼・晕		13743		255;255;255;255	
325	1	15	2	流火・晕		13744		255;255;255;255	
326	1	15	3	霜尘・晕		13745		255;255;255;255	
327	1	15	4	星雪・晕		13746		255;255;255;255	
328	1	15	5	灵犀・晕		13747		255;255;255;255	
329	1	15	6	谜影・晕		14574		255;255;255;255	
330	1	15	7	沧尘・晕		14579		255;255;255;255	
331	1	15	8	轻扬・晕		14740		255;255;255;255	
332	1	15	9	绛尾・晕		14741		255;255;255;255	
333	1	15	10	青枝・晕		15262		255;255;255;255	
334	1	15	11	潮生・晕		15263		255;255;255;255	
335	1	15	12	猫儿・晕		15264		255;255;255;255	
336	1	17	0	默认		5815		255;255;255;255	
337	1	17	1	六围		13805		255;255;255;255	
338	1	17	2	情缠		13806		255;255;255;255	
339	1	17	3	覆雪		13807		255;255;255;255	
340	1	17	4	星罗		13808		255;255;255;255	
341	1	17	5	夜辰		13809		255;255;255;255	
342	1	17	6	碎叶		13810		255;255;255;255	
343	1	17	7	蝶变		13811		255;255;255;255	
344	1	18	0	默认		5815		255;255;255;255	
345	1	18	1	六围		13805		255;255;255;255	
346	1	18	2	情缠		13806		255;255;255;255	
347	1	18	3	覆雪		13807		255;255;255;255	
348	1	18	4	星罗		13808		255;255;255;255	
349	1	18	5	夜辰		13809		255;255;255;255	
350	1	18	6	碎叶		13810		255;255;255;255	
351	1	18	7	蝶变		13811		255;255;255;255	
352	1	19	0	默认		5815		255;255;255;255	
353	1	19	1	六围		13805		255;255;255;255	
354	1	19	2	情缠		13806		255;255;255;255	
355	1	19	3	覆雪		13807		255;255;255;255	
356	1	19	4	星罗		13808		255;255;255;255	
357	1	19	5	夜辰		13809		255;255;255;255	
358	1	19	6	碎叶		13810		255;255;255;255	
359	1	19	7	蝶变		13811		255;255;255;255	
360	2	0	1	默认		5821		213;155;138;255	
361	2	0	2	桃李		5822		209;169;151;255	
362	2	0	3	凝脂		5823		210;170;153;255	
363	2	0	4	姑射		5824		217;167;148;255	
364	2	0	5	明艳		5825		209;168;151;255	
365	2	0	6	冰肌		5826		209;168;151;255	
366	2	0	7	墨颜		12880		209;168;151;255	
367	2	0	8	皎月		14580		209;168;151;255	
368	2	1	1	默认		5841		40;34;25;255	
369	2	1	2	蟾宫		5841		40;34;25;255	
370	2	1	3	秋练		5842		69;64;48;255	
371	2	1	4	玄烛		5843		89;64;63;255	
372	2	1	5	白露		5844		157;161;132;255	
373	2	1	6	琳琅		5845		89;90;80;255	
374	2	1	7	望舒		5846		49;40;34;255	
375	2	1	8	猫眼		5847		122;73;32;255	
376	2	1	9	浮图		5848		106;105;113;255	
377	2	1	10	黑洞		13598		171;158;122;255	
378	2	1	11	守望星辰		13599		111;86;68;255	
379	2	1	12	七星北斗		13600		125;106;144;255	
380	2	1	13	轮回		13601		126;112;111;255	
381	2	2	1	默认		5841		40;34;25;255	
382	2	2	2	蟾宫		5841		40;34;25;255	
383	2	2	3	秋练		5842		69;64;48;255	
384	2	2	4	玄烛		5843		89;64;63;255	
385	2	2	5	白露		5844		157;161;132;255	
386	2	2	6	琳琅		5845		89;90;80;255	
387	2	2	7	望舒		5846		49;40;34;255	
388	2	2	8	猫眼		5847		122;73;32;255	
389	2	2	9	浮图		5848		106;105;113;255	
390	2	2	10	黑洞		13598		171;158;122;255	
391	2	2	11	守望星辰		13599		111;86;68;255	
392	2	2	12	七星北斗		13600		125;106;144;255	
393	2	2	13	轮回		13601		126;112;111;255	
394	2	3	0	默认		5815		255;255;255;255	
395	2	3	1	卿暮		5784		161;115;92;255	
396	2	3	2	墨韵		5785		132;95;82;255	
397	2	3	3	云絮		5786		145;40;74;255	
398	2	3	4	粉黛		5787		169;58;73;255	
399	2	3	5	惑心		5788		167;51;76;255	
400	2	3	6	蝶恋花		5789		153;96;172;255	
401	2	3	7	罗刹		5790		123;87;80;255	
402	2	3	8	羽焰		5791		185;83;86;255	
403	2	3	9	紫颜		5792		134;77;141;255	
404	2	3	10	百媚		5793		165;84;82;255	
405	2	3	11	幽楚		5794		143;96;80;255	
406	2	3	12	月下影		5838		125;91;83;255	
407	2	3	14	一颦		7087		121;36;34;255	
408	2	3	15	飞嫣		7088		155;40;46;255	
409	2	4	1	默认		5741		0;0;0;255	
410	2	4	2	青行		5741		0;0;0;255	
411	2	4	3	小篆		5742		0;0;0;255	
412	2	4	4	正楷		5743		0;0;0;255	
413	2	4	5	幽月		5744		81;74;100;255	
414	2	4	6	浅尝		5745		116;91;107;255	
415	2	4	7	复还		5746		124;82;80;255	
416	2	4	8	沧浪		5747		0;0;0;255	
417	2	4	9	懵然		5748		0;0;0;255	
418	2	4	10	深泽		5749		0;0;0;255	
419	2	4	11	勾韵		5750		0;0;0;255	
420	2	4	12	华月		5751		0;0;0;255	
421	2	5	1	默认		5639		0;0;0;255	
422	2	5	22	远黛		13607		0;0;0;255	
423	2	5	23	孤城		13608		0;0;0;255	
424	2	5	24	狐影		13609		0;0;0;255	
425	2	5	25	寒柳		13610		0;0;0;255	
426	2	5	26	镜中山色		13611		0;0;0;255	
427	2	5	2	小山眉		5639		0;0;0;255	
428	2	5	3	上挑眉		5640		0;0;0;255	
429	2	5	4	螺旋眉		5641		0;0;0;255	
430	2	5	5	一字眉		5642		0;0;0;255	
431	2	5	6	秋娘眉		5643		0;0;0;255	
432	2	5	7	黛玉眉		5644		0;0;0;255	
433	2	5	8	巾帼眉		5645		0;0;0;255	
434	2	5	9	朴素眉		5646		0;0;0;255	
435	2	5	10	宽横眉		5647		0;0;0;255	
436	2	5	11	天则眉		5648		0;0;0;255	
437	2	5	12	直眉		5649		0;0;0;255	
438	2	5	13	厚直眉		5650		0;0;0;255	
439	2	5	14	刚正眉		5651		0;0;0;255	
440	2	5	15	平直眉		5839		0;0;0;255	
441	2	5	16	隐牙		6372		255;255;255;255	
442	2	5	17	月白		6373		255;255;255;255	
443	2	5	18	淡霜		6374		255;255;255;255	
444	2	5	19	迭雪		6375		255;255;255;255	
445	2	5	20	雪叶		6376		255;255;255;255	
446	2	5	21	湮月		7082		0;0;0;255	
447	2	5	0	无		5815		255;255;255;255	
448	2	6	0	默认		5815		255;255;255;255	
449	2	6	1	暖蓉		5548		240;140;124;255	
450	2	6	2	小雅		5549		222;131;122;255	
451	2	6	3	含羞		5550		230;146;122;255	
452	2	6	4	采薇		5551		231;131;116;255	
453	2	6	5	淡舒		5552		225;125;115;255	
454	2	6	6	子衿		5553		228;115;112;255	
455	2	6	7	刻铭		5554		240;98;99;255	
456	2	6	8	点妆		5555		231;101;99;255	
457	2	6	9	酒糟鼻		5549		222;131;122;255	
458	2	7	1	默认		5578		170;86;86;255	
459	2	7	2	丹云		5578		170;86;86;255	
460	2	7	3	点绛		5579		139;53;57;255	
461	2	7	4	薄光		5580		164;73;66;255	
462	2	7	5	云鸾		5581		174;90;72;255	
463	2	7	6	丰腴		5582		184;93;85;255	
464	2	7	7	银杏		5583		182;134;127;255	
465	2	7	8	含香		5584		184;90;100;255	
466	2	7	9	甘霖		5585		188;131;118;255	
467	2	7	10	唐风		5586		121;30;36;255	
468	2	7	11	侠骨		5587		173;83;84;255	
469	2	7	12	荡魄		5837		164;74;75;255	
470	2	8	1	默认		5556		255;255;255;255	
471	2	8	2	剪水		5556		255;255;255;255	
472	2	8	3	星眸		5557		255;255;255;255	
473	2	8	4	秋水		5558		255;255;255;255	
474	2	8	5	横波		5559		255;255;255;255	
475	2	8	6	春水		5560		255;255;255;255	
476	2	8	7	凝睇		5561		255;255;255;255	
477	2	8	8	清泉		5562		158;194;215;255	
478	2	8	9	悬珠		5563		255;255;255;255	
479	2	8	10	朗星		5564		255;255;255;255	
480	2	8	11	点漆		5565		255;255;255;255	
481	2	8	12	桃花		5566		255;255;255;255	
482	2	8	13	写轮		5567		255;255;255;255	
483	2	8	14	相印		5568		255;255;255;255	
484	2	8	0	无		5816		0;0;0;255	
485	2	9	0	默认		5815		255;255;255;255	
486	2	9	182	翠叶		15267	183	90;89;103;255	
487	2	9	184	连星		15265	185	173;159;71;255	
488	2	9	186	攀眉		15266	187	210;211;213;255	
489	2	9	179	菱花		14760	180	255;255;255;255	
490	2	9	181	鳞蛟		14761		255;255;255;255	
491	2	9	177	浴血		14584	178	177;91;82;255	
492	2	9	176	纤云		13708		177;91;82;255	
493	2	9	173	恋心		11365		185;27;34;255	
494	2	9	174	樱D		11364		185;27;34;255	
495	2	9	175	胧月夜		11368		166;78;65;255	
496	2	9	159	流金		10547		219;204;123;255	
497	2	9	160	惊昙		10540		255;255;255;255	
498	2	9	161	轻羽		10550		255;255;255;255	
499	2	9	162	鸡爪爪		10543		0;0;0;255	
500	2	9	163	双星泪		10552		0;0;0;255	
501	2	9	164	魅星		10541		0;0;0;255	
502	2	9	165	妖星		10546		0;0;0;255	
503	2	9	166	逢虎		10548		0;0;0;255	
504	2	9	167	魂迷夜		10551		0;0;0;255	
505	2	9	169	曼殊沙华		10542		161;45;51;255	
506	2	9	170	夕燕		10545		161;45;51;255	
507	2	9	171	灿金		10549		219;204;123;255	
508	2	9	172	狐说		10544		255;255;255;255	
509	2	9	144	比翼		10182		243;217;98;255	
510	2	9	145	尘缘		10183		255;255;255;255	
511	2	9	146	流枫		10184		240;195;102;255	
512	2	9	147	孔雀舞		10185		61;111;98;255	
513	2	9	148	天香引		10177		63;128;169;255	
514	2	9	149	醉花荫		10176	151	230;151;171;255	
515	2	9	150	映雪		10178	155	255;255;255;255	
516	2	9	152	锦瑟		10179		174;109;122;255	
517	2	9	153	引仙		10180		206;193;93;255	
518	2	9	154	怒连心		10181		0;0;0;255	
519	2	9	133	马王爷		8957		182;164;114;255	
520	2	9	134	不染		8958		210;170;162;255	
521	2	9	135	别艳		8952		110;25;24;255	
522	2	9	136	滴血		8960		38;31;25;255	
523	2	9	137	狱蛇		8959		255;255;255;255	
524	2	9	138	昂		8955		141;30;10;255	
525	2	9	139	帅意贴		8956		0;0;0;255	
526	2	9	140	慈悲		8954		224;199;142;255	
527	2	9	141	踪		8953	142	248;189;171;255	
528	2	9	143	熊来了		8951		99;95;94;255	
529	2	9	123	百回叱咤		8878		0;0;0;255	
530	2	9	124	望空		8879		167;66;34;255	
531	2	9	125	形伤旧事		8880		0;0;0;255	
532	2	9	126	残阳里		8881		187;75;48;255	
533	2	9	127	寒声碎		8882		255;255;255;255	
534	2	9	128	魔夜挽花		8883		0;0;0;255	
535	2	9	129	中宵寐		8884		0;0;0;255	
536	2	9	130	煌煌遗踪		8885		0;0;0;255	
537	2	9	131	秋寂		8887		255;255;255;255	
538	2	9	132	戏言峥嵘		8886		79;60;44;255	
539	2	9	118	枯荣		8279		255;255;255;255	
540	2	9	119	庭翼		8281		255;255;255;255	
541	2	9	120	菊踪		8282		255;255;255;255	
542	2	9	121	荣芳		8283		255;255;255;255	
543	2	9	122	金莲开		8277		182;152;102;255	
544	2	9	112	映带		7966		122;65;120;255	
545	2	9	113	海砂		7961		144;149;143;255	
546	2	9	114	惊蝶		7963		127;73;125;255	
547	2	9	116	湘梅		7967		166;158;152;255	
548	2	9	117	幽离		7965		127;73;125;255	
549	2	9	110	[六周年特别版]盾舞		7090		0;0;0;255	
550	2	9	111	祥云		7091		229;217;209;255	
551	2	9	109	相思		7089		231;58;58;255	
552	2	9	106	中征		6996		194;194;194;255	
553	2	9	108	晴敛		6997	107	107;108;151;255	
554	2	9	99	碧翠		6788	98	61;119;77;255	
555	2	9	100	浅游		6789	101	66;127;151;255	
556	2	9	102	绕藤		6790	103	115;158;64;255	
557	2	9	104	萤蝶		6792	105	81;148;144;255	
558	2	9	86	[五周年特别版]阴阳		6260		109;115;168;255	
559	2	9	87	[五周年特别版]素问		6267	88	93;136;141;255	
560	2	9	89	[五周年特别版]奇门遁甲 		6265	90	33;54;74;255	
561	2	9	91	[五周年特别版]大唐魂		6266		200;66;61;255	
562	2	9	92	[五周年特别版]妙舞		6263		194;95;97;255	
563	2	9	93	[五周年特别版]幻蛛		6268		97;65;96;255	
564	2	9	94	[五周年特别版]剑魄		6259		237;202;123;255	
565	2	9	95	[五周年特别版]光明火		6262		148;43;55;255	
566	2	9	96	[五周年特别版]降龙		6261	97	52;57;122;255	
567	2	9	1	一点红		5683		198;89;80;255	
568	2	9	2	新蕊		5684		172;83;90;255	
569	2	9	3	冷香		5685		196;56;97;255	
570	2	9	4	锦上		5686		177;78;62;255	
571	2	9	5	倾城		5687		187;54;87;255	
572	2	9	6	六出		5688		195;77;107;255	
573	2	9	7	上元		5689		196;56;97;255	
574	2	9	8	如意		5690		196;56;97;255	
575	2	9	9	菡萏		5691		255;255;255;255	
576	2	9	10	戏蝶		5697	11	197;110;102;255	
577	2	9	12	恋		5698	13	215;99;72;255	
578	2	9	14	国色天香		5699	15	246;100;106;255	
579	2	9	16	灼灼		5700	17	246;100;106;255	
580	2	9	18	笑春风		5701	19	246;100;106;255	
581	2	9	20	清霜醉		5702	21	246;212;215;255	
582	2	9	22	纷落		5703	23	246;212;215;255	
583	2	9	24	一剪梅		5704	25	208;144;139;255	
584	2	9	26	泪		5714	156	0;0;0;255	
585	2	9	27	无泪		5714	157	0;0;0;255	
586	2	9	28	美人痣		5714	158	0;0;0;255	
587	2	9	29	佳人		5720	30	255;70;98;255	
588	2	9	31	忘川		5705		0;0;0;255	
589	2	9	32	雨落忘川		5705		0;0;0;255	
590	2	9	33	奈何		5706	34	0;0;0;255	
591	2	9	35	黄泉		5707	36	119;18;0;255	
592	2	9	37	孤云出岫		5709		153;37;26;255	
593	2	9	38	惊鸿一瞥		5710		114;48;55;255	
594	2	9	39	浮世绘		5715		95;55;53;255	
595	2	9	40	发		5727		135;3;0;255	
596	2	9	41	死		5729		0;0;0;255	
597	2	9	42	囚		5728		0;0;0;255	
598	2	9	43	玩		5730		223;0;15;255	
599	2	9	44	忘忧		5721	45	255;255;255;255	
600	2	9	46	血仇		6041	47	154;35;35;255	
601	2	9	48	二郎神		6033		0;0;0;255	
602	2	9	49	拆		6029		210;40;40;255	
603	2	9	50	巴掌		6037		154;35;35;255	
604	2	9	51	脚印		6036		0;0;0;255	
605	2	9	52	痛扁		6028		141;102;103;255	
606	2	9	53	芳华		6035	54	253;175;175;255	
607	2	9	55	小哈		6039		255;255;255;255	
608	2	9	56	簪缨		6034		253;175;175;255	
609	2	9	57	霜锋		6031		109;69;51;255	
610	2	9	58	入魔		6081		103;66;53;255	
611	2	9	59	紫蝶		6088	60	187;135;187;255	
612	2	9	61	北斗		6082		203;152;37;255	
613	2	9	62	景云		6085		155;41;24;255	
614	2	9	63	雀斑		6091		189;156;135;255	
615	2	9	64	阴符		6092	65	51;42;37;255	
616	2	9	66	天目		6086		90;0;0;255	
617	2	9	67	血瞳		6087		101;10;9;255	
618	2	9	68	森罗		6090	69	177;0;0;255	
619	2	9	70	森罗万象		6090		177;0;0;255	
620	2	9	71	\鲤		6089	72	246;226;238;255	
621	2	9	73	花愁		6132		0;0;0;255	
622	2	9	74	菱眼		6136		0;0;0;255	
623	2	9	75	内牛满面		6131		213;194;185;255	
624	2	9	76	纤横		6130		70;60;53;255	
625	2	9	77	有凤来仪		6127		184;11;0;255	
626	2	9	78	狠戾		6133		173;129;107;255	
627	2	9	79	习目		6135	80	0;0;0;255	
628	2	9	81	羽目		6135		0;0;0;255	
629	2	9	82	鬼面		6128		175;33;16;255	
630	2	9	83	邪魅		6134		0;0;0;255	
631	2	9	84	蜈蚣		6129	85	0;0;0;255	
632	2	10	0	默认		5569		163;73;64;255	
633	2	10	2	莹砂		5569		163;73;64;255	
634	2	10	3	凝心		5569		163;73;64;255	
635	2	10	4	烁晶		5569		163;73;64;255	
636	2	10	5	落雪		5569		163;73;64;255	
637	2	10	6	星芒		5569		163;73;64;255	
638	2	10	7	月辰		5569		163;73;64;255	
639	2	10	8	惜春		5569		163;73;64;255	
640	2	11	0	默认		5569		163;73;64;255	
641	2	11	1	叠涂_1		5569		163;73;64;255	
642	2	11	2	叠涂_2		5569		163;73;64;255	
643	2	11	3	叠涂_3		5569		163;73;64;255	
644	2	11	4	叠涂_4		5569		163;73;64;255	
645	2	12	0	默认		5569		163;73;64;255	
646	2	12	2	倾妃		5569		163;73;64;255	
647	2	13	0	默认		5815		255;255;255;255	
648	2	13	1	蝶翼・底		13748		255;255;255;255	
649	2	13	2	流火・底		13749		255;255;255;255	
650	2	13	3	霜尘・底		13750		255;255;255;255	
651	2	13	4	星雪・底		13751		255;255;255;255	
652	2	13	5	灵犀・底		13752		255;255;255;255	
653	2	13	6	谜影・底		14556		255;255;255;255	
654	2	13	7	沧尘・底		14559		255;255;255;255	
655	2	13	8	轻扬・底		14742		255;255;255;255	
656	2	13	9	绛尾・底		14743		255;255;255;255	
657	2	13	10	青枝・底		15256		255;255;255;255	
658	2	13	11	潮生・底		15257		255;255;255;255	
659	2	13	12	猫儿・底		15258		255;255;255;255	
660	2	14	0	默认		5815		255;255;255;255	
661	2	14	1	蝶翼・叠		13753		255;255;255;255	
662	2	14	2	流火・叠		13754		255;255;255;255	
663	2	14	3	霜尘・叠		13755		255;255;255;255	
664	2	14	4	星雪・叠		13756		255;255;255;255	
665	2	14	5	灵犀・叠		13757		255;255;255;255	
666	2	14	6	谜影・叠		14557		255;255;255;255	
667	2	14	7	沧尘・叠		14560		255;255;255;255	
668	2	14	8	轻扬・叠		14744		255;255;255;255	
669	2	14	9	绛尾・叠		14745		255;255;255;255	
670	2	14	10	青枝・叠		15256		255;255;255;255	
671	2	14	11	潮生・叠		15257		255;255;255;255	
672	2	14	12	猫儿・叠		15258		255;255;255;255	
673	2	15	0	默认		5815		255;255;255;255	
674	2	15	1	蝶翼・晕		13758		255;255;255;255	
675	2	15	2	流火・晕		13759		255;255;255;255	
676	2	15	3	霜尘・晕		13760		255;255;255;255	
677	2	15	4	星雪・晕		13761		255;255;255;255	
678	2	15	5	灵犀・晕		13762		255;255;255;255	
679	2	15	6	谜影・晕		14558		255;255;255;255	
680	2	15	7	沧尘・晕		14561		255;255;255;255	
681	2	15	8	轻扬・晕		14746		255;255;255;255	
682	2	15	9	绛尾・晕		14747		255;255;255;255	
683	2	15	10	青枝・晕		15256		255;255;255;255	
684	2	15	11	潮生・晕		15257		255;255;255;255	
685	2	15	12	猫儿・晕		15258		255;255;255;255	
686	2	17	0	默认		5815		255;255;255;255	
687	2	17	1	六围		13805		255;255;255;255	
688	2	17	2	情缠		13806		255;255;255;255	
689	2	17	3	覆雪		13807		255;255;255;255	
690	2	17	4	星罗		13808		255;255;255;255	
691	2	17	5	夜辰		13809		255;255;255;255	
692	2	17	6	碎叶		13810		255;255;255;255	
693	2	17	7	蝶变		13811		255;255;255;255	
694	2	18	0	默认		5815		255;255;255;255	
695	2	18	1	六围		13805		255;255;255;255	
696	2	18	2	情缠		13806		255;255;255;255	
697	2	18	3	覆雪		13807		255;255;255;255	
698	2	18	4	星罗		13808		255;255;255;255	
699	2	18	5	夜辰		13809		255;255;255;255	
700	2	18	6	碎叶		13810		255;255;255;255	
701	2	18	7	蝶变		13811		255;255;255;255	
702	2	19	0	默认		5815		255;255;255;255	
703	2	19	1	六围		13805		255;255;255;255	
704	2	19	2	情缠		13806		255;255;255;255	
705	2	19	3	覆雪		13807		255;255;255;255	
706	2	19	4	星罗		13808		255;255;255;255	
707	2	19	5	夜辰		13809		255;255;255;255	
708	2	19	6	碎叶		13810		255;255;255;255	
709	2	19	7	蝶变		13811		255;255;255;255	
710	5	0	1	默认		5827		213;155;138;255	
711	5	0	2	冰肌		5828		209;168;151;255	
712	5	0	3	桃李		5829		224;150;132;255	
713	5	0	4	凝脂		5830		210;170;153;255	
714	5	0	5	墨颜		12878		210;170;153;255	
715	5	0	6	皎月		14583		210;170;153;255	
716	5	1	1	默认		5849		69;64;48;255	
717	5	1	2	锦瑟		5849		69;64;48;255	
718	5	1	3	秋练		5842		89;64;63;255	
719	5	1	4	玄烛		5843		89;90;80;255	
720	5	1	5	纤阿		5850		49;40;34;255	
721	5	1	6	琳琅		5845		122;73;32;255	
722	5	1	7	望舒		5846		106;105;113;255	
723	5	1	8	猫眼		5847		32;25;24;255	
724	5	1	9	浮图		5848		106;105;113;255	
725	5	1	10	黑洞		13598		171;158;122;255	
726	5	1	11	守望星辰		13599		111;86;68;255	
727	5	1	12	七星北斗		13600		125;106;144;255	
728	5	1	13	轮回		13601		126;112;111;255	
729	5	2	1	默认		5849		69;64;48;255	
730	5	2	2	锦瑟		5849		69;64;48;255	
731	5	2	3	秋练		5842		89;64;63;255	
732	5	2	4	玄烛		5843		89;90;80;255	
733	5	2	5	纤阿		5850		49;40;34;255	
734	5	2	6	琳琅		5845		122;73;32;255	
735	5	2	7	望舒		5846		106;105;113;255	
736	5	2	8	猫眼		5847		32;25;24;255	
737	5	2	9	浮图		5848		52;52;34;255	
738	5	2	10	黑洞		13598		171;158;122;255	
739	5	2	11	守望星辰		13599		111;86;68;255	
740	5	2	12	七星北斗		13600		125;106;144;255	
741	5	2	13	轮回		13601		126;112;111;255	
742	5	3	0	默认		5815		255;255;255;255	
743	5	3	1	卿暮		5795		127;43;54;255	
744	5	3	2	墨韵		5796		163;53;67;255	
745	5	3	3	云絮		5797		66;68;155;255	
746	5	3	4	粉黛		5798		64;37;37;255	
747	5	3	5	惑心		5799		167;51;76;255	
748	5	3	6	蝶恋花		5800		153;96;172;255	
749	5	3	7	罗刹		5801		123;87;80;255	
750	5	3	8	羽焰		5802		87;62;64;255	
751	5	3	9	紫颜		5803		152;75;81;255	
752	5	3	10	百媚		5804		165;84;82;255	
753	5	3	11	幽楚		5805		143;96;80;255	
754	5	4	1	默认		5752		0;0;0;255	
755	5	4	2	稚意		5752		0;0;0;255	
756	5	4	3	疑然		5753		0;0;0;255	
757	5	4	4	轻妆		5754		0;0;0;255	
758	5	4	5	无饰		5755		0;0;0;255	
759	5	4	6	乱草		5756		0;0;0;255	
760	5	4	7	离峰		5757		0;0;0;255	
761	5	4	8	降世		5758		0;0;0;255	
762	5	4	9	明音		5759		0;0;0;255	
763	5	4	10	肆角		5760		0;0;0;255	
764	5	4	11	憧憬		5761		0;0;0;255	
765	5	5	1	默认		5652		0;0;0;255	
766	5	5	22	浅黛		13612		0;0;0;255	
767	5	5	23	愁眉		13613		0;0;0;255	
768	5	5	24	小烈狐		13614		0;0;0;255	
769	5	5	25	飞流		13615		0;0;0;255	
770	5	5	26	葳蕤渐熄		13616		0;0;0;255	
771	5	5	2	峰眉		5652		0;0;0;255	
772	5	5	3	嫦娥眉		5653		0;0;0;255	
773	5	5	4	一字眉		5654		0;0;0;255	
774	5	5	5	细横眉		5655		0;0;0;255	
775	5	5	6	慧心眉		5656		0;0;0;255	
776	5	5	7	上挑眉		5657		0;0;0;255	
777	5	5	8	浓眉		5658		0;0;0;255	
778	5	5	9	细眉		5659		0;0;0;255	
779	5	5	10	清秀眉		5660		0;0;0;255	
780	5	5	11	刚正眉		5661		0;0;0;255	
781	5	5	12	刀眉		5662		0;0;0;255	
782	5	5	13	猛张飞		5663		0;0;0;255	
783	5	5	14	清纯眉		5664		0;0;0;255	
784	5	5	15	宽浓眉		5665		0;0;0;255	
785	5	5	16	素牙		6377		255;255;255;255	
786	5	5	17	霜叶		6378		255;255;255;255	
787	5	5	18	白毫		6379		255;255;255;255	
788	5	5	19	封雪		6380		255;255;255;255	
789	5	5	20	月明		6381		255;255;255;255	
790	5	5	21	断浪		7083		0;0;0;255	
791	5	5	0	无		5815		255;255;255;255	
792	5	6	0	默认		5815		0;0;0;255	
793	5	6	1	青皮胡		5992		0;0;0;255	
794	5	6	2	八字胡		5993		0;0;0;255	
795	5	6	3	亦邪胡		5994		0;0;0;255	
796	5	6	4	避世胡		5995		0;0;0;255	
797	5	6	5	逐世胡		5996		0;0;0;255	
798	5	6	6	地主胡		5997		0;0;0;255	
799	5	6	7	卫生胡		5998		0;0;0;255	
800	5	6	8	含羞		5550		230;146;122;255	
801	5	6	9	子衿		5553		228;115;112;255	
802	5	6	10	刻铭		5554		240;98;99;255	
803	5	6	13	酒糟鼻		5549		222;131;122;255	
804	5	6	11	蝉翼胡		6657		0;0;0;255	
805	5	6	12	地主胡<白>		6658		0;0;0;255	
806	5	7	1	默认		5588		171;85;72;255	
807	5	7	2	不懂		5588		171;85;72;255	
808	5	7	3	不揭		5589		159;82;74;255	
809	5	7	4	不语		5590		160;83;69;255	
810	5	7	5	积善		5591		140;65;63;255	
811	5	7	6	欲止		5592		172;71;71;255	
812	5	7	7	下明		5593		202;144;132;255	
813	5	7	8	朱柔		5594		201;114;119;255	
814	5	7	9	厚德		5595		189;110;92;255	
815	5	7	10	浅尝		5596		191;110;102;255	
816	5	7	11	会意		5597		175;91;81;255	
817	5	7	12	箴言		5598		182;85;74;255	
818	5	8	1	默认		5556		255;255;255;255	
819	5	8	2	剪水		5556		255;255;255;255	
820	5	8	3	星眸		5557		255;255;255;255	
821	5	8	4	秋水		5558		255;255;255;255	
822	5	8	5	横波		5559		255;255;255;255	
823	5	8	6	春水		5560		255;255;255;255	
824	5	8	7	凝睇		5561		255;255;255;255	
825	5	8	8	清泉		5562		158;194;215;255	
826	5	8	9	悬珠		5563		255;255;255;255	
827	5	8	10	朗星		5564		255;255;255;255	
828	5	8	11	点漆		5565		255;255;255;255	
829	5	8	12	桃花		5566		255;255;255;255	
830	5	8	13	写轮		5567		255;255;255;255	
831	5	8	14	相印		5568		255;255;255;255	
832	5	8	0	无		5816		255;255;255;255	
833	5	9	0	默认		5815		255;255;255;255	
834	5	9	183	翠叶		15267	184	90;89;103;255	
835	5	9	185	连星		15265	186	173;159;71;255	
836	5	9	187	攀眉		15266	188	210;211;213;255	
837	5	9	180	菱花		14760	181	255;255;255;255	
838	5	9	182	鳞蛟		14761		255;255;255;255	
839	5	9	178	浴血		14584	179	177;91;82;255	
840	5	9	177	纤云		13708		177;91;82;255	
841	5	9	175	胧月夜		11368		134;173;205;255	
842	5	9	176	深雪		11363		166;78;65;255	
843	5	9	161	曼殊沙华		10542		161;45;51;255	
844	5	9	162	夕燕		10545		161;45;51;255	
845	5	9	163	灿金		10549		219;204;123;255	
846	5	9	164	狐说		10544		255;255;255;255	
847	5	9	165	流金		10547		219;204;123;255	
848	5	9	166	惊昙		10540		255;255;255;255	
849	5	9	167	轻羽		10550		255;255;255;255	
850	5	9	168	鸡爪爪		10543		0;0;0;255	
851	5	9	169	双星泪		10552		0;0;0;255	
852	5	9	170	魅星		10541		0;0;0;255	
853	5	9	171	妖星		10546		0;0;0;255	
854	5	9	172	逢虎		10548		0;0;0;255	
855	5	9	174	魂迷夜		10551		0;0;0;255	
856	5	9	155	泪		5714	156	0;0;0;255	
857	5	9	157	无泪		5714	158	0;0;0;255	
858	5	9	159	美人痣		5714	160	0;0;0;255	
859	5	9	143	比翼		10182		243;217;98;255	
860	5	9	144	尘缘		10183		255;255;255;255	
861	5	9	145	流枫		10184		240;195;102;255	
862	5	9	146	孔雀舞		10185		61;111;98;255	
863	5	9	147	天香引		10177		63;128;169;255	
864	5	9	148	醉花荫		10176	149	230;151;171;255	
865	5	9	150	映雪		10178	151	255;255;255;255	
866	5	9	152	锦瑟		10179		174;109;122;255	
867	5	9	153	引仙		10180		206;193;93;255	
868	5	9	154	怒连心		10181		0;0;0;255	
869	5	9	132	马王爷		8957		182;164;114;255	
870	5	9	133	不染		8958		210;170;162;255	
871	5	9	134	别艳		8952		110;25;24;255	
872	5	9	135	滴血		8960		38;31;25;255	
873	5	9	136	狱蛇		8959		255;255;255;255	
874	5	9	137	昂		8955		141;30;10;255	
875	5	9	138	帅意贴		8956		0;0;0;255	
876	5	9	139	慈悲		8954		224;199;142;255	
877	5	9	140	踪		8953	141	248;189;171;255	
878	5	9	142	熊来了		8951		99;95;94;255	
879	5	9	122	百回叱咤		8878		0;0;0;255	
880	5	9	123	望空		8879		167;66;34;255	
881	5	9	124	形伤旧事		8880		0;0;0;255	
882	5	9	125	残阳里		8881		187;75;48;255	
883	5	9	126	寒声碎		8882		255;255;255;255	
884	5	9	127	魔夜挽花		8883		0;0;0;255	
885	5	9	128	中宵寐		8884		0;0;0;255	
886	5	9	129	煌煌遗踪		8885		0;0;0;255	
887	5	9	130	秋寂		8887		255;255;255;255	
888	5	9	131	戏言峥嵘		8886		79;60;44;255	
889	5	9	117	枯荣		8279		255;255;255;255	
890	5	9	118	庭翼		8281		255;255;255;255	
891	5	9	119	菊踪		8282		255;255;255;255	
892	5	9	120	荣芳		8283		255;255;255;255	
893	5	9	121	金莲开		8277		182;152;102;255	
894	5	9	112	广交		7960		166;158;152;255	
895	5	9	113	飞轩		7959		166;158;152;255	
896	5	9	114	莲生		7964		166;158;152;255	
897	5	9	115	鲛鲸		7962		137;112;100;255	
898	5	9	116	垂眼		7958		136;122;116;255	
899	5	9	110	[六周年特别版]盾舞		7090		0;0;0;255	
900	5	9	111	祥云		7091		229;217;209;255	
901	5	9	107	中征		6996		194;194;194;255	
902	5	9	109	晴敛		6997	108	107;108;151;255	
903	5	9	105	凤尾		6791	106	85;70;42;255	
904	5	9	92	[五周年特别版]阴阳		6260		109;115;168;255	
905	5	9	93	[五周年特别版]素问		6267	94	93;136;141;255	
906	5	9	95	[五周年特别版]奇门遁甲 		6265	96	33;54;74;255	
907	5	9	97	[五周年特别版]大唐魂		6266		200;66;61;255	
908	5	9	98	[五周年特别版]莲华佛缘		6264		255;255;255;255	
909	5	9	99	[五周年特别版]妙舞		6263		194;95;97;255	
910	5	9	100	[五周年特别版]幻蛛		6268		97;65;96;255	
911	5	9	101	[五周年特别版]剑魄		6259		237;202;123;255	
912	5	9	102	[五周年特别版]光明火		6262		148;43;55;255	
913	5	9	103	[五周年特别版]降龙		6261	104	52;57;122;255	
914	5	9	1	一点红		5683		198;89;80;255	
915	5	9	2	冷香		5685		196;56;97;255	
916	5	9	3	锦上		5686		177;78;62;255	
917	5	9	4	菡萏		5691		255;255;255;255	
918	5	9	5	月夕		5692		255;255;255;255	
919	5	9	6	般若		5693		107;92;75;255	
920	5	9	7	金刚		5694		107;92;75;255	
921	5	9	8	恋		5698	9	215;99;72;255	
922	5	9	10	清霜醉		5702	11	246;212;215;255	
923	5	9	12	纷落		5703	13	246;212;215;255	
924	5	9	14	一剪梅		5704	15	246;212;215;255	
925	5	9	16	奈何		5706	17	0;0;0;255	
926	5	9	18	黄泉		5707	19	119;18;0;255	
927	5	9	20	蛮王		5708		221;79;53;255	
928	5	9	21	孤云出岫		5709		153;37;26;255	
929	5	9	22	惊鸿一瞥		5710		114;48;55;255	
930	5	9	23	战神		5712	24	99;23;20;255	
931	5	9	25	不败战神		5712		99;23;20;255	
932	5	9	26	喵		5713		95;55;53;255	
933	5	9	27	浮世绘		5715		0;0;0;255	
934	5	9	28	怒		5717	29	95;74;43;255	
935	5	9	30	腼腆		5719		255;255;255;255	
936	5	9	31	忘忧		5721	32	232;220;189;255	
937	5	9	33	发		5727		215;0;15;255	
938	5	9	34	囚		5728		0;0;0;255	
939	5	9	35	死		5729		0;0;0;255	
940	5	9	36	玩		5730		215;0;15;255	
941	5	9	37	归去来兮		5722	38	37;29;29;255	
942	5	9	39	墨凤		5723		37;29;29;255	
943	5	9	40	墨龙		5724	41	37;29;29;255	
944	5	9	42	龙啸九天		5725	43	37;29;29;255	
945	5	9	44	断戟		5679	45	140;99;90;255	
946	5	9	46	烽烟		5680	47	140;99;90;255	
947	5	9	48	无双		5681		90;90;90;255	
948	5	9	49	汗		5696		90;90;90;255	
949	5	9	50	熊猫眼		6040		0;0;0;255	
950	5	9	51	血仇		6041	52	154;35;35;255	
951	5	9	53	二郎神		6033		0;0;0;255	
952	5	9	54	拆		6029		210;40;40;255	
953	5	9	55	小哈		6039		255;255;255;255	
954	5	9	56	巴掌		6038		154;35;35;255	
955	5	9	57	脚印		6036		0;0;0;255	
956	5	9	58	痛扁		6028		141;102;103;255	
957	5	9	59	芳华		6035	60	253;175;175;255	
958	5	9	61	霜锋		6031		109;69;51;255	
959	5	9	62	入魔		6081		103;66;53;255	
960	5	9	63	紫蝶		6088	64	187;135;187;255	
961	5	9	65	景云		6085		155;41;24;255	
962	5	9	66	雀斑		6091		189;156;135;255	
963	5	9	67	血煞		6093	68	87;0;0;255	
964	5	9	69	血煞修罗		6093		87;0;0;255	
965	5	9	70	阴符		6092	71	51;42;37;255	
966	5	9	72	天目		6086		90;0;0;255	
967	5	9	73	血瞳		6087		101;10;9;255	
968	5	9	74	森罗		6090	75	177;0;0;255	
969	5	9	76	森罗万象		6090		177;0;0;255	
970	5	9	77	\鲤		6089	78	246;226;238;255	
971	5	9	79	内牛满面		6131		213;194;185;255	
972	5	9	80	花愁		6132		0;0;0;255	
973	5	9	81	菱眼		6136		0;0;0;255	
974	5	9	82	纤横		6130		70;60;53;255	
975	5	9	83	有凤来仪		6127		184;11;0;255	
976	5	9	84	狠戾		6133		173;129;107;255	
977	5	9	85	习目		6135	86	0;0;0;255	
978	5	9	87	羽目		6135		0;0;0;255	
979	5	9	88	鬼面		6128		175;33;16;255	
980	5	9	89	邪魅		6134		0;0;0;255	
981	5	9	90	蜈蚣		6129	91	0;0;0;255	
982	5	10	0	默认		5569		163;73;64;255	
983	5	10	1	莹砂		5569		163;73;64;255	
984	5	10	2	凝心		5569		163;73;64;255	
985	5	10	3	烁晶		5569		163;73;64;255	
986	5	10	4	落雪		5569		163;73;64;255	
987	5	10	5	星芒		5569		163;73;64;255	
988	5	10	6	月辰		5569		163;73;64;255	
989	5	10	7	惜春		5569		163;73;64;255	
990	5	11	0	默认		5569		163;73;64;255	
991	5	11	1	叠涂_1		5569		163;73;64;255	
992	5	11	2	叠涂_2		5569		163;73;64;255	
993	5	11	3	叠涂_3		5569		163;73;64;255	
994	5	11	4	叠涂_4		5569		163;73;64;255	
995	5	12	0	默认		5569		163;73;64;255	
996	5	12	2	倾妃		5569		163;73;64;255	
997	5	13	0	默认		5815		255;255;255;255	
998	5	13	1	蝶翼・底		13763		255;255;255;255	
999	5	13	2	流火・底		13764		255;255;255;255	
1000	5	13	3	霜尘・底		13765		255;255;255;255	
1001	5	13	4	星雪・底		13766		255;255;255;255	
1002	5	13	5	灵犀・底		13767		255;255;255;255	
1003	5	13	6	谜影・底		14568		255;255;255;255	
1004	5	13	7	沧尘・底		14571		255;255;255;255	
1005	5	13	8	轻扬・底		14748		255;255;255;255	
1006	5	13	9	绛尾・底		14749		255;255;255;255	
1007	5	13	10	青枝・底		15259		255;255;255;255	
1008	5	13	11	潮生・底		15260		255;255;255;255	
1009	5	13	12	猫儿・底		15261		255;255;255;255	
1010	5	14	0	默认		5815		255;255;255;255	
1011	5	14	1	蝶翼・叠		13768		255;255;255;255	
1012	5	14	2	流火・叠		13769		255;255;255;255	
1013	5	14	3	霜尘・叠		13770		255;255;255;255	
1014	5	14	4	星雪・叠		13771		255;255;255;255	
1015	5	14	5	灵犀・叠		13772		255;255;255;255	
1016	5	14	6	谜影・叠		14569		255;255;255;255	
1017	5	14	7	沧尘・叠		14572		255;255;255;255	
1018	5	14	8	轻扬・叠		14750		255;255;255;255	
1019	5	14	9	绛尾・叠		14751		255;255;255;255	
1020	5	14	10	青枝・叠		15259		255;255;255;255	
1021	5	14	11	潮生・叠		15260		255;255;255;255	
1022	5	14	12	猫儿・叠		15261		255;255;255;255	
1023	5	15	0	默认		5815		255;255;255;255	
1024	5	15	1	蝶翼・晕		13773		255;255;255;255	
1025	5	15	2	流火・晕		13774		255;255;255;255	
1026	5	15	3	霜尘・晕		13775		255;255;255;255	
1027	5	15	4	星雪・晕		13776		255;255;255;255	
1028	5	15	5	灵犀・晕		13777		255;255;255;255	
1029	5	15	6	谜影・晕		14570		255;255;255;255	
1030	5	15	7	沧尘・晕		14573		255;255;255;255	
1031	5	15	8	轻扬・晕		14752		255;255;255;255	
1032	5	15	9	绛尾・晕		14753		255;255;255;255	
1033	5	15	10	青枝・晕		15259		255;255;255;255	
1034	5	15	11	潮生・晕		15260		255;255;255;255	
1035	5	15	12	猫儿・晕		15261		255;255;255;255	
1036	5	17	0	默认		5815		255;255;255;255	
1037	5	17	1	六围		13805		255;255;255;255	
1038	5	17	2	情缠		13806		255;255;255;255	
1039	5	17	3	覆雪		13807		255;255;255;255	
1040	5	17	4	星罗		13808		255;255;255;255	
1041	5	17	5	夜辰		13809		255;255;255;255	
1042	5	17	6	碎叶		13810		255;255;255;255	
1043	5	17	7	蝶变		13811		255;255;255;255	
1044	5	18	0	默认		5815		255;255;255;255	
1045	5	18	1	六围		13805		255;255;255;255	
1046	5	18	2	情缠		13806		255;255;255;255	
1047	5	18	3	覆雪		13807		255;255;255;255	
1048	5	18	4	星罗		13808		255;255;255;255	
1049	5	18	5	夜辰		13809		255;255;255;255	
1050	5	18	6	碎叶		13810		255;255;255;255	
1051	5	18	7	蝶变		13811		255;255;255;255	
1052	5	19	0	默认		5815		255;255;255;255	
1053	5	19	1	六围		13805		255;255;255;255	
1054	5	19	2	情缠		13806		255;255;255;255	
1055	5	19	3	覆雪		13807		255;255;255;255	
1056	5	19	4	星罗		13808		255;255;255;255	
1057	5	19	5	夜辰		13809		255;255;255;255	
1058	5	19	6	碎叶		13810		255;255;255;255	
1059	5	19	7	蝶变		13811		255;255;255;255	
1060	6	0	1	默认		5817		209;168;151;255	
1061	6	0	2	冰肌		5818		209;168;151;255	
1062	6	0	3	桃李		5819		209;168;151;255	
1063	6	0	4	凝脂		5820		209;168;151;255	
1064	6	0	5	墨颜		12876		209;168;151;255	
1065	6	0	6	皎月		14581		209;168;151;255	
1066	6	1	1	默认		5841		40;34;25;255	
1067	6	1	2	蟾宫		5841		40;34;25;255	
1068	6	1	3	秋练		5842		69;64;48;255	
1069	6	1	4	玄烛		5843		89;64;63;255	
1070	6	1	5	白露		5844		157;161;132;255	
1071	6	1	6	琳琅		5845		89;90;80;255	
1072	6	1	7	望舒		5846		49;40;34;255	
1073	6	1	8	猫眼		5847		122;73;32;255	
1074	6	1	9	浮图		5848		106;105;113;255	
1075	6	1	10	黑洞		13598		171;158;122;255	
1076	6	1	11	守望星辰		13599		111;86;68;255	
1077	6	1	12	七星北斗		13600		125;106;144;255	
1078	6	1	13	轮回		13601		126;112;111;255	
1079	6	2	1	默认		5841		40;34;25;255	
1080	6	2	2	蟾宫		5841		40;34;25;255	
1081	6	2	3	秋练		5842		69;64;48;255	
1082	6	2	4	玄烛		5843		89;64;63;255	
1083	6	2	5	白露		5844		157;161;132;255	
1084	6	2	6	琳琅		5845		89;90;80;255	
1085	6	2	7	望舒		5846		49;40;34;255	
1086	6	2	8	猫眼		5847		122;73;32;255	
1087	6	2	9	浮图		5848		106;105;113;255	
1088	6	2	10	黑洞		13598		171;158;122;255	
1089	6	2	11	守望星辰		13599		111;86;68;255	
1090	6	2	12	七星北斗		13600		125;106;144;255	
1091	6	2	13	轮回		13601		126;112;111;255	
1092	6	3	0	默认		5815		255;255;255;255	
1093	6	3	1	卿暮		5773		161;115;92;255	
1094	6	3	2	墨韵		5774		132;95;82;255	
1095	6	3	3	云絮		5775		145;40;74;255	
1096	6	3	4	粉黛		5776		169;58;73;255	
1097	6	3	5	惑心		5777		167;51;76;255	
1098	6	3	6	蝶恋花		5778		153;96;172;255	
1099	6	3	7	罗刹		5779		123;87;80;255	
1100	6	3	8	羽焰		5780		185;83;86;255	
1101	6	3	9	紫颜		5781		134;77;141;255	
1102	6	3	10	百媚		5782		165;84;82;255	
1103	6	3	11	幽楚		5783		143;96;80;255	
1104	6	3	12	一颦		7085		121;36;34;255	
1105	6	3	13	飞嫣		7086		155;40;46;255	
1106	6	4	1	默认		5731		0;0;0;255	
1107	6	4	2	无识		5731		0;0;0;255	
1108	6	4	3	隽秀		5732		0;0;0;255	
1109	6	4	4	上弦		5733		0;0;0;255	
1110	6	4	5	隽秀		5734		0;0;0;255	
1111	6	4	6	慵然		5735		68;51;51;255	
1112	6	4	7	新月		5736		0;0;0;255	
1113	6	4	8	望月		5737		0;0;0;255	
1114	6	4	9	下弦		5738		0;0;0;255	
1115	6	4	10	满月		5739		0;0;0;255	
1116	6	4	11	韶光		5740		0;0;0;255	
1117	6	5	1	默认		5623		0;0;0;255	
1118	6	5	24	春黛		13602		0;0;0;255	
1119	6	5	25	小孤城		13603		0;0;0;255	
1120	6	5	26	幼狐影		13604		0;0;0;255	
1121	6	5	27	翘翘		13605		0;0;0;255	
1122	6	5	28	轻尾		13606		0;0;0;255	
1123	6	5	2	小山眉		5623		0;0;0;255	
1124	6	5	3	嫦娥眉		5624		0;0;0;255	
1125	6	5	4	一字眉		5625		0;0;0;255	
1126	6	5	5	细横眉		5626		0;0;0;255	
1127	6	5	6	标准		5627		0;0;0;255	
1128	6	5	7	上挑眉		5628		0;0;0;255	
1129	6	5	8	清纯眉		5629		94;69;56;255	
1130	6	5	9	清秀眉		5630		85;60;53;255	
1131	6	5	10	秋娘眉		5631		0;0;0;255	
1132	6	5	11	淡眉		5632		0;0;0;255	
1133	6	5	12	巾帼眉		5633		0;0;0;255	
1134	6	5	13	朴素眉		5634		0;0;0;255	
1135	6	5	14	宽横眉		5635		0;0;0;255	
1136	6	5	15	细眉		5636		98;74;60;255	
1137	6	5	16	直眉		5637		0;0;0;255	
1138	6	5	17	厚直眉		5638		114;82;56;255	
1139	6	5	18	黛尾		6382		255;255;255;255	
1140	6	5	19	淡霜		6383		255;255;255;255	
1141	6	5	20	迭雪		6384		255;255;255;255	
1142	6	5	21	雪叶		6385		255;255;255;255	
1143	6	5	22	素牙		6386		255;255;255;255	
1144	6	5	23	湮月		7081		0;0;0;255	
1145	6	5	0	无		5815		255;255;255;255	
1146	6	6	0	默认		5815		255;255;255;255	
1147	6	6	1	暖蓉		5548		240;140;124;255	
1148	6	6	2	小雅		5549		222;131;122;255	
1149	6	6	3	含羞		5550		230;146;122;255	
1150	6	6	4	采薇		5551		231;131;116;255	
1151	6	6	5	淡舒		5552		225;125;115;255	
1152	6	6	6	子衿		5553		228;115;112;255	
1153	6	6	7	刻铭		5554		240;98;99;255	
1154	6	6	8	点妆		5555		231;101;99;255	
1155	6	6	9	酒糟鼻		5549		222;131;122;255	
1156	6	7	1	默认		5569		163;73;64;255	
1157	6	7	2	言笑		5569		163;73;64;255	
1158	6	7	3	生光		5570		167;82;75;255	
1159	6	7	4	初亏		5571		168;85;84;255	
1160	6	7	5	伴影		5572		173;83;79;255	
1161	6	7	6	解颐		5573		196;107;97;255	
1162	6	7	7	少情		5574		180;81;74;255	
1163	6	7	8	云兮		5575		188;105;102;255	
1164	6	7	9	迷心		5576		172;105;106;255	
1165	6	7	10	文静		5577		182;123;123;255	
1166	6	8	1	默认		5556		0;0;0;255	
1167	6	8	2	剪水		5556		0;0;0;255	
1168	6	8	3	星眸		5557		0;0;0;255	
1169	6	8	4	秋水		5558		0;0;0;255	
1170	6	8	5	横波		5559		0;0;0;255	
1171	6	8	6	春水		5560		0;0;0;255	
1172	6	8	7	凝睇		5561		0;0;0;255	
1173	6	8	8	清泉		5562		158;194;215;255	
1174	6	8	9	悬珠		5563		0;0;0;255	
1175	6	8	10	朗星		5564		0;0;0;255	
1176	6	8	11	点漆		5565		0;0;0;255	
1177	6	8	12	桃花		5566		0;0;0;255	
1178	6	8	13	写轮		5567		0;0;0;255	
1179	6	8	14	相印		5568		0;0;0;255	
1180	6	8	0	无		5816		0;0;0;255	
1181	6	9	0	默认		5815		255;255;255;255	
1182	6	9	180	翠叶		15267	181	90;89;103;255	
1183	6	9	182	连星		15265	183	173;159;71;255	
1184	6	9	184	攀眉		15266	185	210;211;213;255	
1185	6	9	177	菱花		14760	178	255;255;255;255	
1186	6	9	179	鳞蛟		14761		255;255;255;255	
1187	6	9	175	浴血		14584	176	177;91;82;255	
1188	6	9	174	纤云		13708		177;91;82;255	
1189	6	9	171	樱D		11364		185;27;34;255	
1190	6	9	172	恋心		11365		185;27;34;255	
1191	6	9	173	胧月夜		11368		166;78;65;255	
1192	6	9	157	逢虎		10548		0;0;0;255	
1193	6	9	158	曼殊沙华		10542		161;45;51;255	
1194	6	9	159	夕燕		10545		161;45;51;255	
1195	6	9	160	灿金		10549		219;204;123;255	
1196	6	9	161	狐说		10544		255;255;255;255	
1197	6	9	162	流金		10547		219;204;123;255	
1198	6	9	163	惊昙		10540		255;255;255;255	
1199	6	9	164	轻羽		10550		255;255;255;255	
1200	6	9	165	鸡爪爪		10543		0;0;0;255	
1201	6	9	166	双星泪		10552		0;0;0;255	
1202	6	9	167	魅星		10541		0;0;0;255	
1203	6	9	168	妖星		10546		0;0;0;255	
1204	6	9	170	魂迷夜		10551		0;0;0;255	
1205	6	9	142	比翼		10182		243;217;98;255	
1206	6	9	143	尘缘		10183		255;255;255;255	
1207	6	9	144	流枫		10184		240;195;102;255	
1208	6	9	145	孔雀舞		10185		61;111;98;255	
1209	6	9	146	天香引		10177		63;128;169;255	
1210	6	9	147	醉花荫		10176	152	230;151;171;255	
1211	6	9	148	映雪		10178	153	255;255;255;255	
1212	6	9	149	锦瑟		10179		174;109;122;255	
1213	6	9	150	引仙		10180		206;193;93;255	
1214	6	9	151	怒连心		10181		0;0;0;255	
1215	6	9	131	马王爷		8957		182;164;114;255	
1216	6	9	132	不染		8958		210;170;162;255	
1217	6	9	133	别艳		8952		110;25;24;255	
1218	6	9	134	滴血		8960		38;31;25;255	
1219	6	9	135	狱蛇		8959		255;255;255;255	
1220	6	9	136	昂		8955		141;30;10;255	
1221	6	9	137	帅意贴		8956		0;0;0;255	
1222	6	9	138	慈悲		8954		224;199;142;255	
1223	6	9	139	踪		8953	140	248;189;171;255	
1224	6	9	141	熊来了		8951		99;95;94;255	
1225	6	9	121	百回叱咤		8878		0;0;0;255	
1226	6	9	122	望空		8879		167;66;34;255	
1227	6	9	123	形伤旧事		8880		0;0;0;255	
1228	6	9	124	残阳里		8881		187;75;48;255	
1229	6	9	125	寒声碎		8882		255;255;255;255	
1230	6	9	126	魔夜挽花		8883		0;0;0;255	
1231	6	9	127	中宵寐		8884		0;0;0;255	
1232	6	9	128	煌煌遗踪		8885		0;0;0;255	
1233	6	9	129	秋寂		8887		255;255;255;255	
1234	6	9	130	戏言峥嵘		8886		79;60;44;255	
1235	6	9	116	枯荣		8279		255;255;255;255	
1236	6	9	117	庭翼		8281		255;255;255;255	
1237	6	9	118	菊踪		8282		255;255;255;255	
1238	6	9	119	荣芳		8283		255;255;255;255	
1239	6	9	120	金莲开		8277		182;152;102;255	
1240	6	9	111	映带		7966		122;65;120;255	
1241	6	9	112	海砂		7961		144;149;143;255	
1242	6	9	113	惊蝶		7963		127;73;125;255	
1243	6	9	114	幽离		7965		127;73;125;255	
1244	6	9	115	湘梅		7967		166;158;152;255	
1245	6	9	109	[六周年特别版]盾舞		7090		0;0;0;255	
1246	6	9	110	祥云		7091		229;217;209;255	
1247	6	9	106	中征		6996		194;194;194;255	
1248	6	9	108	晴敛		6997	107	107;108;151;255	
1249	6	9	99	碧翠		6788	98	61;119;77;255	
1250	6	9	100	浅游		6789	101	66;127;151;255	
1251	6	9	102	绕藤		6790	103	115;158;64;255	
1252	6	9	104	萤蝶		6792	105	81;148;144;255	
1253	6	9	86	[五周年特别版]阴阳		6260		109;115;168;255	
1254	6	9	87	[五周年特别版]素问		6267	88	93;136;141;255	
1255	6	9	89	[五周年特别版]奇门遁甲 		6265	90	33;54;74;255	
1256	6	9	91	[五周年特别版]大唐魂		6266		200;66;61;255	
1257	6	9	92	[五周年特别版]妙舞		6263		194;95;97;255	
1258	6	9	93	[五周年特别版]幻蛛		6268		97;65;96;255	
1259	6	9	94	[五周年特别版]剑魄		6259		237;202;123;255	
1260	6	9	95	[五周年特别版]光明火		6262		148;43;55;255	
1261	6	9	96	[五周年特别版]降龙		6261	97	52;57;122;255	
1262	6	9	1	一点红		5683		198;89;80;255	
1263	6	9	2	新蕊		5684		172;83;90;255	
1264	6	9	3	冷香		5685		196;56;97;255	
1265	6	9	4	锦上		5686		177;78;62;255	
1266	6	9	5	六出		5688		195;77;107;255	
1267	6	9	6	月夕		5692		255;255;255;255	
1268	6	9	7	戏蝶		5697	8	197;110;102;255	
1269	6	9	9	恋		5698	10	215;99;72;255	
1270	6	9	11	国色天香		5699	12	246;100;106;255	
1271	6	9	13	灼灼		5700	14	246;100;106;255	
1272	6	9	15	笑春风		5701	16	246;100;106;255	
1273	6	9	17	清霜醉		5702	18	246;212;215;255	
1274	6	9	19	纷落		5703	20	246;212;215;255	
1275	6	9	21	一剪梅		5704	22	208;144;139;255	
1276	6	9	23	孤云出岫		5709		153;37;26;255	
1277	6	9	24	惊鸿一瞥		5710		114;48;55;255	
1278	6	9	25	泪		5714	154	0;0;0;255	
1279	6	9	26	无泪		5714	155	0;0;0;255	
1280	6	9	27	美人痣		5714	156	0;0;0;255	
1281	6	9	28	奈何		5706	29	0;0;0;255	
1282	6	9	30	浮世绘		5715		95;55;53;255	
1283	6	9	31	佳人		5720	32	255;70;98;255	
1284	6	9	33	汗		5695		90;90;90;255	
1285	6	9	34	忘忧		5721	35	255;255;255;255	
1286	6	9	36	怒		5717	37	0;0;0;255	
1287	6	9	38	喵		5713		0;0;0;255	
1288	6	9	39	黄泉		5707	40	119;18;0;255	
1289	6	9	41	死		5729		0;0;0;255	
1290	6	9	42	发		5727		135;3;0;255	
1291	6	9	43	囚		5728		0;0;0;255	
1292	6	9	44	玩		5730		223;0;15;255	
1293	6	9	45	腼腆		5719		204;61;50;255	
1294	6	9	46	小哈		6039		255;255;255;255	
1295	6	9	47	血仇		6041	48	154;35;35;255	
1296	6	9	49	拆		6029		210;40;40;255	
1297	6	9	50	巴掌		6038		154;35;35;255	
1298	6	9	51	脚印		6036		0;0;0;255	
1299	6	9	52	二郎神		6033		0;0;0;255	
1300	6	9	53	痛扁		6028		141;102;103;255	
1301	6	9	54	芳华		6035	55	253;175;175;255	
1302	6	9	56	簪缨		6034		253;175;175;255	
1303	6	9	57	霜锋		6031		109;69;51;255	
1304	6	9	58	紫蝶		6088	59	187;135;187;255	
1305	6	9	60	景云		6085		155;41;24;255	
1306	6	9	61	北斗		6082		203;152;37;255	
1307	6	9	62	雀斑		6091		189;156;135;255	
1308	6	9	63	入魔		6081		103;66;53;255	
1309	6	9	64	阴符		6092	65	51;42;37;255	
1310	6	9	66	天目		6086		90;0;0;255	
1311	6	9	67	血瞳		6087		101;10;9;255	
1312	6	9	68	森罗		6090	69	177;0;0;255	
1313	6	9	70	森罗万象		6090		177;0;0;255	
1314	6	9	71	\鲤		6089	72	246;226;238;255	
1315	6	9	73	内牛满面		6131		213;194;185;255	
1316	6	9	74	花愁		6132		0;0;0;255	
1317	6	9	75	菱眼		6136		0;0;0;255	
1318	6	9	76	纤横		6130		70;60;53;255	
1319	6	9	77	有凤来仪		6127		184;11;0;255	
1320	6	9	78	狠戾		6133		173;129;107;255	
1321	6	9	79	习目		6135	80	0;0;0;255	
1322	6	9	81	羽目		6135		0;0;0;255	
1323	6	9	82	鬼面		6128		175;33;16;255	
1324	6	9	83	邪魅		6134		0;0;0;255	
1325	6	9	84	蜈蚣		6129	85	0;0;0;255	
1326	6	10	0	默认		5569		163;73;64;255	
1327	6	10	1	莹砂		5569		163;73;64;255	
1328	6	10	2	凝心		5569		163;73;64;255	
1329	6	10	3	烁晶		5569		163;73;64;255	
1330	6	10	4	落雪		5569		163;73;64;255	
1331	6	10	5	星芒		5569		163;73;64;255	
1332	6	10	6	月辰		5569		163;73;64;255	
1333	6	10	7	惜春		5569		163;73;64;255	
1334	6	11	0	默认		5569		163;73;64;255	
1335	6	11	1	叠涂_1		5569		163;73;64;255	
1336	6	11	2	叠涂_2		5569		163;73;64;255	
1337	6	11	3	叠涂_3		5569		163;73;64;255	
1338	6	11	4	叠涂_4		5569		163;73;64;255	
1339	6	12	0	默认		5569		163;73;64;255	
1340	6	12	2	倾妃		5569		163;73;64;255	
1341	6	13	0	默认		5815		255;255;255;255	
1342	6	13	1	蝶翼・底		13778		255;255;255;255	
1343	6	13	2	流火・底		13779		255;255;255;255	
1344	6	13	3	霜尘・底		13780		255;255;255;255	
1345	6	13	4	星雪・底		13781		255;255;255;255	
1346	6	13	5	灵犀・底		13782		255;255;255;255	
1347	6	13	6	谜影・底		14562		255;255;255;255	
1348	6	13	7	沧尘・底		14565		255;255;255;255	
1349	6	13	8	轻扬・底		14754		255;255;255;255	
1350	6	13	9	绛尾・底		14755		255;255;255;255	
1351	6	13	10	青枝・底		15253		255;255;255;255	
1352	6	13	11	潮生・底		15254		255;255;255;255	
1353	6	13	12	猫儿・底		15255		255;255;255;255	
1354	6	14	0	默认		5815		255;255;255;255	
1355	6	14	1	蝶翼・叠		13783		255;255;255;255	
1356	6	14	2	流火・叠		13784		255;255;255;255	
1357	6	14	3	霜尘・叠		13785		255;255;255;255	
1358	6	14	4	星雪・叠		13786		255;255;255;255	
1359	6	14	5	灵犀・叠		13787		255;255;255;255	
1360	6	14	6	谜影・叠		14563		255;255;255;255	
1361	6	14	7	沧尘・叠		14566		255;255;255;255	
1362	6	14	8	轻扬・叠		14756		255;255;255;255	
1363	6	14	9	绛尾・叠		14757		255;255;255;255	
1364	6	14	10	青枝・叠		15253		255;255;255;255	
1365	6	14	11	潮生・叠		15254		255;255;255;255	
1366	6	14	12	猫儿・叠		15255		255;255;255;255	
1367	6	15	0	默认		5815		255;255;255;255	
1368	6	15	1	蝶翼・晕		13788		255;255;255;255	
1369	6	15	2	流火・晕		13789		255;255;255;255	
1370	6	15	3	霜尘・晕		13790		255;255;255;255	
1371	6	15	4	星雪・晕		13791		255;255;255;255	
1372	6	15	5	灵犀・晕		13792		255;255;255;255	
1373	6	15	6	谜影・晕		14564		255;255;255;255	
1374	6	15	7	沧尘・晕		14567		255;255;255;255	
1375	6	15	8	轻扬・晕		14758		255;255;255;255	
1376	6	15	9	绛尾・晕		14759		255;255;255;255	
1377	6	15	10	青枝・晕		15253		255;255;255;255	
1378	6	15	11	潮生・晕		15254		255;255;255;255	
1379	6	15	12	猫儿・晕		15255		255;255;255;255	
1380	6	17	0	默认		5815		255;255;255;255	
1381	6	17	1	六围		13805		255;255;255;255	
1382	6	17	2	情缠		13806		255;255;255;255	
1383	6	17	3	覆雪		13807		255;255;255;255	
1384	6	17	4	星罗		13808		255;255;255;255	
1385	6	17	5	夜辰		13809		255;255;255;255	
1386	6	17	6	碎叶		13810		255;255;255;255	
1387	6	17	7	蝶变		13811		255;255;255;255	
1388	6	18	0	默认		5815		255;255;255;255	
1389	6	18	1	六围		13805		255;255;255;255	
1390	6	18	2	情缠		13806		255;255;255;255	
1391	6	18	3	覆雪		13807		255;255;255;255	
1392	6	18	4	星罗		13808		255;255;255;255	
1393	6	18	5	夜辰		13809		255;255;255;255	
1394	6	18	6	碎叶		13810		255;255;255;255	
1395	6	18	7	蝶变		13811		255;255;255;255	
1396	6	19	0	默认		5815		255;255;255;255	
1397	6	19	1	六围		13805		255;255;255;255	
1398	6	19	2	情缠		13806		255;255;255;255	
1399	6	19	3	覆雪		13807		255;255;255;255	
1400	6	19	4	星罗		13808		255;255;255;255	
1401	6	19	5	夜辰		13809		255;255;255;255	
1402	6	19	6	碎叶		13810		255;255;255;255	
1403	6	19	7	蝶变		13811		255;255;255;255	
