SkillID	SkillLevel	OpenLevel
35	1	110
81	1	108
100	1	115
101	1	108
101	2	108
101	3	108
101	4	108
101	5	108
101	6	108
101	7	108
101	8	108
101	9	108
101	10	108
101	11	108
101	12	108
101	13	108
101	14	108
101	15	108
101	16	108
101	17	108
101	18	108
101	19	108
101	20	108
101	21	108
101	22	108
101	23	108
101	24	108
101	25	108
101	26	108
101	27	108
101	28	108
101	29	108
130	1	118
130	2	118
130	3	118
130	4	118
130	5	118
130	6	118
130	7	118
130	8	118
131	1	114
132	1	109
132	2	109
132	3	109
132	4	109
132	5	109
132	6	109
132	7	109
133	1	38
134	1	26
136	1	116
138	1	107
138	2	107
138	3	107
138	4	107
138	5	107
138	6	107
138	7	107
138	8	107
138	9	107
138	10	107
138	11	107
138	12	107
138	13	107
138	14	107
138	15	107
138	16	107
138	17	107
138	18	107
138	19	107
138	20	107
138	21	107
138	22	107
138	23	107
138	24	107
138	25	107
138	26	107
138	27	107
138	28	107
139	1	112
139	2	112
139	3	112
139	4	112
139	5	112
140	1	110
140	2	110
140	3	110
140	4	110
140	5	110
140	6	110
140	7	110
140	8	110
140	9	110
140	10	110
140	11	110
140	12	110
140	13	110
140	14	110
140	15	110
142	1	111
142	2	111
142	3	111
142	4	111
142	5	111
142	6	111
142	7	111
142	8	111
142	9	111
142	10	111
142	11	111
142	12	111
142	13	111
142	14	111
142	15	111
142	16	111
142	17	111
142	18	111
142	19	111
142	20	111
142	21	111
142	22	111
142	23	111
142	24	111
142	25	111
142	26	111
142	27	111
142	28	111
142	29	111
179	1	100
179	2	100
179	3	100
179	4	100
179	5	100
179	6	100
179	7	100
179	8	100
179	9	100
179	10	100
179	11	100
179	12	100
179	13	100
179	14	100
179	15	100
179	16	100
179	17	100
179	18	100
179	19	100
179	20	100
179	21	100
179	22	100
179	23	100
179	24	100
179	25	100
179	26	100
179	27	100
179	28	100
180	1	101
180	2	101
180	3	101
180	4	101
180	5	101
180	6	101
180	7	101
180	8	101
180	9	101
180	10	101
180	11	101
180	12	101
180	13	101
180	14	101
180	15	101
180	16	101
180	17	101
180	18	101
180	19	101
180	20	101
180	21	101
180	22	101
180	23	101
180	24	101
180	25	101
180	26	101
180	27	101
180	28	101
180	29	101
182	1	103
182	2	103
182	3	103
182	4	103
182	5	103
182	6	103
182	7	103
182	8	103
182	9	103
182	10	103
182	11	103
182	12	103
182	13	103
182	14	103
182	15	103
182	16	103
182	17	103
182	18	103
182	19	103
182	20	103
182	21	103
182	22	103
182	23	103
182	24	103
182	25	103
182	26	103
182	27	103
182	28	103
182	29	103
183	1	34
184	1	44
184	2	54
184	3	64
184	4	70
186	1	111
186	2	111
186	3	111
186	4	111
189	1	106
189	2	106
189	3	106
189	4	106
189	5	106
189	6	106
189	7	106
189	8	106
189	9	106
189	10	106
189	11	106
189	12	106
189	13	106
189	14	106
189	15	106
189	16	106
189	17	106
189	18	106
189	19	106
189	20	106
189	21	106
189	22	106
189	23	106
189	24	106
190	1	107
190	2	107
190	3	107
190	4	107
190	5	107
190	6	107
190	7	107
190	8	107
190	9	107
190	10	107
190	11	107
190	12	107
190	13	107
190	14	107
190	15	107
190	16	107
190	17	107
190	18	107
190	19	107
200	1	111
200	2	113
200	3	113
200	4	113
200	5	113
200	6	113
200	7	113
200	8	113
200	9	113
200	10	113
228	1	113
228	2	113
228	3	113
228	4	113
228	5	113
228	6	113
232	1	100
232	2	100
232	3	100
232	4	100
232	5	100
232	6	100
232	7	100
232	8	100
232	9	100
232	10	100
232	11	100
232	12	100
232	13	100
232	14	100
232	15	100
232	16	100
232	17	100
232	18	100
232	19	100
232	20	100
232	21	100
232	22	100
232	23	100
232	24	100
232	25	100
232	26	100
232	27	100
232	28	100
233	1	101
233	2	103
233	3	103
233	4	103
233	5	103
233	6	103
233	7	103
233	8	103
233	9	103
233	10	103
233	11	103
233	12	103
233	13	103
233	14	103
233	15	103
233	16	103
233	17	103
233	18	103
233	19	103
233	20	103
233	21	103
233	22	103
233	23	103
233	24	103
233	25	103
233	26	103
233	27	103
233	28	103
233	29	103
235	1	106
235	2	109
235	3	109
235	4	109
235	5	109
235	6	109
235	7	109
235	8	109
235	9	109
235	10	109
235	11	109
235	12	109
235	13	109
235	14	109
235	15	109
235	16	109
235	17	109
235	18	109
235	19	109
235	20	109
235	21	109
235	22	109
235	23	109
235	24	109
235	25	109
235	26	109
235	27	109
235	28	109
235	29	109
236	1	107
236	2	109
236	3	109
236	4	109
236	5	109
236	6	109
238	1	108
238	2	109
238	3	109
238	4	109
238	5	109
238	6	109
238	7	109
238	8	109
238	9	109
238	10	109
238	11	109
238	12	109
238	13	109
238	14	109
238	15	109
238	16	109
238	17	109
238	18	109
238	19	109
238	20	109
238	21	109
238	22	109
238	23	109
239	1	38
239	2	46
239	3	54
239	4	62
239	5	70
240	1	34
240	2	44
240	3	54
240	4	64
241	1	10
241	2	15
241	3	16
241	4	17
241	5	18
241	6	19
241	7	20
241	8	21
241	9	22
241	10	23
241	11	25
241	12	28
241	13	31
241	14	34
241	15	37
241	16	40
241	17	43
241	18	46
241	19	49
241	20	52
241	21	56
241	22	60
241	23	64
241	24	68
241	25	72
241	26	76
241	27	80
241	28	84
241	29	88
242	1	111
243	1	110
243	2	111
243	3	111
243	4	111
243	5	111
243	6	111
243	7	111
243	8	111
243	9	111
243	10	111
243	11	111
243	12	111
243	13	111
243	14	111
243	15	111
243	16	111
243	17	111
243	18	111
243	19	111
245	1	113
245	2	78
245	3	79
245	4	80
245	5	81
245	6	82
246	1	18
246	2	30
246	3	42
246	4	54
246	5	66
246	6	78
247	1	28
247	2	38
247	3	48
247	4	58
247	5	68
249	1	40
249	2	50
249	3	60
249	4	70
252	1	109
252	2	110
252	3	110
257	1	114
258	1	118
259	1	34
259	2	44
260	1	112
261	1	115
261	2	56
261	3	64
261	4	84
301	1	103
301	2	103
301	3	103
301	4	103
301	5	103
301	6	103
301	7	103
301	8	103
301	9	103
301	10	103
301	11	103
301	12	103
301	13	103
301	14	103
301	15	103
301	16	103
301	17	103
301	18	103
301	19	103
301	20	103
301	21	103
301	22	103
301	23	103
301	24	103
301	25	103
301	26	103
301	27	103
301	28	103
301	29	103
301	30	103
301	31	103
301	32	103
301	33	103
301	34	103
301	35	103
303	1	109
303	2	109
303	3	109
303	4	109
303	5	109
303	6	109
303	7	109
303	8	109
303	9	109
303	10	109
303	11	109
303	12	109
303	13	109
303	14	109
303	15	109
303	16	109
303	17	109
303	18	109
303	19	109
303	20	109
303	21	109
303	22	109
305	1	113
305	2	113
305	3	113
306	1	101
306	2	101
306	3	101
306	4	101
306	5	101
306	6	101
306	7	101
306	8	101
306	9	101
306	10	101
306	11	101
306	12	101
306	13	101
306	14	101
306	15	101
306	16	101
306	17	101
306	18	101
306	19	101
306	20	101
306	21	101
306	22	101
306	23	101
306	24	101
306	25	101
306	26	101
306	27	101
306	28	101
306	29	101
306	30	101
306	31	101
306	32	101
309	1	15
309	2	16
309	3	17
309	4	18
309	5	19
309	6	20
309	7	21
309	8	22
309	9	23
309	10	24
309	11	25
309	12	26
309	13	28
309	14	30
309	15	32
309	16	35
309	17	38
309	18	41
309	19	44
309	20	47
309	21	50
309	22	53
309	23	56
309	24	59
309	25	62
309	26	65
309	27	68
309	28	72
309	29	76
309	30	80
309	31	84
309	32	88
311	1	109
311	2	109
311	3	109
311	4	109
311	5	109
311	6	109
311	7	109
311	8	109
311	9	109
311	10	109
311	11	109
311	12	109
311	13	109
311	14	109
311	15	109
311	16	109
311	17	109
311	18	109
311	19	109
311	20	109
311	21	109
311	22	109
311	23	109
311	24	109
311	25	109
311	26	109
311	27	109
311	28	109
311	29	109
311	30	109
311	31	109
312	1	108
312	2	108
312	3	108
312	4	108
312	5	108
312	6	108
312	7	108
312	8	108
312	9	108
312	10	108
313	1	44
346	1	115
346	2	115
346	3	115
346	4	115
346	5	115
346	6	115
346	7	115
346	8	115
346	9	115
346	10	115
355	1	119
357	1	44
358	1	111
359	1	110
362	1	110
363	1	118
364	1	107
364	2	107
364	3	107
364	4	107
364	5	107
364	6	107
364	7	107
364	8	107
364	9	107
364	10	107
364	11	107
364	12	107
364	13	107
364	14	107
364	15	107
364	16	107
364	17	107
364	18	107
364	19	107
364	20	107
364	21	107
364	22	107
364	23	107
364	24	107
364	25	107
364	26	107
364	27	107
364	28	107
364	29	107
364	30	107
364	31	107
364	32	107
364	33	107
365	1	108
365	2	108
365	3	108
365	4	108
365	5	108
365	6	108
365	7	108
365	8	108
365	9	108
365	10	108
365	11	108
365	12	108
365	13	108
365	14	108
365	15	108
365	16	108
365	17	108
365	18	108
365	19	108
365	20	108
365	21	108
365	22	108
365	23	108
365	24	108
365	25	108
365	26	108
365	27	108
365	28	108
365	29	108
365	30	108
365	31	108
365	32	108
365	33	108
365	34	108
365	35	108
366	1	110
367	1	100
367	2	100
367	3	100
367	4	100
367	5	100
367	6	100
367	7	100
367	8	100
367	9	100
367	10	100
367	11	100
367	12	100
367	13	100
367	14	100
367	15	100
367	16	100
367	17	100
367	18	100
367	19	100
367	20	100
367	21	100
367	22	100
367	23	100
367	24	100
367	25	100
367	26	100
367	27	100
367	28	100
367	29	100
367	30	100
367	31	100
367	32	100
367	33	100
368	1	106
368	2	106
368	3	106
368	4	106
368	5	106
368	6	106
368	7	106
368	8	106
368	9	106
368	10	106
368	11	106
368	12	106
368	13	106
368	14	106
368	15	106
368	16	106
368	17	106
368	18	106
368	19	106
368	20	106
368	21	106
368	22	106
368	23	106
368	24	106
368	25	106
368	26	106
368	27	106
368	28	106
368	29	106
368	30	106
368	31	106
369	1	114
369	2	114
369	3	114
369	4	114
369	5	114
370	1	34
371	1	116
372	1	113
400	1	100
400	2	5
400	3	15
400	4	17
400	5	18
400	6	19
400	7	20
400	8	21
400	9	22
400	10	24
400	11	27
400	12	30
400	13	33
400	14	36
400	15	39
400	16	42
400	17	45
400	18	48
400	19	51
400	20	55
400	21	59
400	22	63
400	23	67
400	24	71
400	25	75
400	26	79
400	27	83
400	28	87
402	1	24
402	2	32
402	3	40
402	4	48
402	5	56
402	6	64
403	1	101
403	2	15
403	3	16
403	4	17
403	5	18
403	6	19
403	7	20
403	8	21
403	9	22
403	10	23
403	11	24
403	12	29
403	13	32
403	14	35
403	15	38
403	16	41
403	17	44
403	18	47
403	19	50
403	20	54
403	21	58
403	22	62
403	23	66
403	24	70
403	25	74
403	26	78
403	27	82
403	28	86
403	29	90
403	30	94
404	1	111
404	2	42
404	3	45
404	4	50
404	5	60
404	6	70
404	7	80
404	8	90
412	1	109
413	1	114
415	1	103
415	2	15
415	3	16
415	4	17
415	5	18
415	6	19
415	7	20
415	8	21
415	9	22
415	10	23
415	11	25
415	12	28
415	13	31
415	14	34
415	15	37
415	16	40
415	17	43
415	18	46
415	19	49
415	20	52
415	21	56
415	22	60
415	23	64
415	24	68
415	25	72
415	26	76
415	27	80
415	28	84
415	29	90
418	1	107
418	2	25
418	3	40
418	4	55
418	5	70
418	6	86
422	1	116
422	2	64
422	3	72
422	4	80
422	5	88
423	1	109
423	2	35
423	3	36
423	4	37
423	5	38
423	6	41
423	7	44
423	8	47
423	9	50
423	10	53
423	11	57
423	12	61
423	13	65
423	14	69
423	15	73
423	16	77
423	17	81
423	18	85
423	19	89
424	1	113
424	2	35
424	3	41
424	4	50
424	5	75
424	6	115
426	1	118
427	1	107
427	2	16
427	3	18
427	4	21
427	5	25
427	6	30
427	7	36
427	8	38
427	9	40
427	10	42
427	11	44
427	12	46
427	13	48
427	14	50
427	15	52
427	16	54
427	17	56
427	18	58
427	19	60
427	20	62
427	21	64
427	22	66
427	23	68
427	24	70
427	25	72
427	26	76
427	27	80
427	28	84
427	29	88
428	1	111
428	2	50
428	3	52
428	4	56
428	5	64
428	6	76
428	7	88
433	1	112
441	1	38
441	2	48
441	3	58
441	4	68
442	1	115
442	2	28
442	3	32
442	4	48
442	5	64
442	6	80
480	1	105
482	1	34
482	2	42
482	3	50
482	4	58
482	5	66
498	1	30
498	2	35
498	3	42
498	4	50
498	5	65
498	6	80
537	1	100
537	2	100
537	3	100
537	4	100
537	5	100
537	6	100
537	7	100
544	1	113
544	2	113
544	3	113
544	4	113
545	1	120
545	2	120
545	3	120
545	4	120
545	5	120
545	6	120
545	7	120
545	8	120
545	9	120
545	10	120
546	1	109
547	1	34
547	2	42
547	3	50
547	4	58
547	5	66
548	1	26
548	2	36
548	3	46
548	4	56
548	5	66
549	1	103
549	2	103
549	3	103
549	4	103
550	1	118
550	2	118
550	3	118
550	4	118
550	5	118
551	1	114
553	1	101
553	2	101
553	3	101
553	4	101
553	5	101
553	6	101
553	7	101
553	8	101
553	9	101
553	10	101
553	11	101
553	12	101
553	13	101
553	14	101
553	15	101
553	16	101
553	17	101
553	18	101
553	19	101
553	20	101
553	21	101
553	22	101
553	23	101
553	24	101
553	25	101
553	26	101
553	27	101
553	28	101
553	29	101
553	30	101
553	31	101
553	32	101
554	1	106
554	2	106
554	3	106
554	4	106
554	5	106
554	6	106
554	7	106
554	8	106
554	9	106
554	10	106
554	11	106
554	12	106
554	13	106
554	14	106
554	15	106
554	16	106
554	17	106
554	18	106
554	19	106
554	20	106
554	21	106
554	22	106
554	23	106
554	24	106
554	25	106
554	26	106
554	27	106
554	28	106
554	29	106
555	1	109
555	2	109
555	3	109
555	4	109
555	5	109
555	6	109
555	7	109
555	8	109
555	9	109
555	10	109
555	11	109
555	12	109
555	13	109
555	14	109
555	15	109
555	16	109
555	17	109
555	18	109
555	19	109
555	20	109
555	21	109
555	22	109
555	23	109
555	24	109
555	25	109
555	26	109
555	27	109
555	28	109
555	29	109
555	30	109
555	31	109
555	32	109
556	1	110
556	2	110
556	3	110
556	4	110
556	5	110
556	6	110
557	1	112
558	1	117
558	2	117
559	1	36
559	2	38
559	3	40
559	4	42
559	5	44
559	6	46
559	7	48
559	8	50
559	9	52
559	10	54
559	11	56
559	12	58
559	13	60
559	14	62
559	15	64
559	16	66
559	17	68
559	18	70
559	19	72
559	20	74
559	21	76
559	22	78
559	23	80
559	24	82
559	25	84
559	26	86
559	27	88
561	1	103
561	2	103
561	3	103
561	4	103
561	5	103
561	6	103
561	7	103
561	8	103
561	9	103
561	10	103
561	11	103
561	12	103
561	13	103
561	14	103
561	15	103
561	16	103
561	17	103
561	18	103
561	19	103
561	20	103
561	21	103
561	22	103
561	23	103
561	24	103
561	25	103
561	26	103
561	27	103
561	28	103
562	1	16
562	2	17
562	3	18
562	4	19
562	5	20
562	6	21
562	7	22
562	8	23
562	9	24
562	10	25
562	11	26
562	12	28
562	13	31
562	14	34
562	15	37
562	16	40
562	17	43
562	18	46
562	19	49
562	20	53
562	21	57
562	22	61
562	23	65
562	24	69
562	25	73
562	26	77
562	27	81
562	28	85
562	29	89
563	1	44
563	2	64
564	1	29
564	2	38
564	3	50
564	4	56
564	5	62
564	6	68
564	7	70
565	1	103
565	2	103
565	3	103
565	4	103
565	5	103
565	6	103
565	7	103
565	8	103
565	9	103
565	10	103
565	11	103
565	12	103
565	13	103
565	14	103
565	15	103
565	16	103
565	17	103
565	18	103
565	19	103
565	20	103
565	21	103
565	22	103
565	23	103
565	24	103
565	25	103
565	26	103
565	27	103
565	28	103
566	1	42
566	2	62
567	1	40
567	2	46
567	3	52
567	4	58
567	5	64
567	6	70
567	7	78
568	1	119
568	2	119
568	3	119
568	4	119
569	1	116
569	2	116
569	3	116
569	4	116
569	5	116
569	6	116
569	7	116
569	8	116
569	9	116
569	10	116
569	11	116
569	12	116
569	13	116
569	14	116
569	15	116
569	16	116
569	17	116
569	18	116
569	19	116
569	20	116
569	21	116
569	22	116
569	23	116
569	24	116
569	25	116
569	26	116
569	27	116
569	28	116
573	1	36
574	1	111
574	2	111
574	3	111
574	4	111
575	1	30
575	2	32
575	3	35
575	4	50
575	5	75
575	6	89
588	1	112
588	2	112
588	3	112
588	4	112
588	5	112
588	6	112
588	7	112
588	8	112
588	9	112
588	10	112
588	11	112
588	12	112
588	13	112
588	14	112
588	15	112
588	16	112
588	17	112
588	18	112
588	19	112
588	20	112
588	21	112
588	22	112
605	1	24
605	1	24
605	1	24
605	1	24
605	1	24
605	1	24
605	1	24
605	1	24
1577	1	107
1578	1	106
1578	2	21
1578	3	22
1578	4	23
1578	5	24
1578	6	25
1578	7	26
1578	8	27
1578	9	28
1578	10	29
1578	11	30
1578	12	33
1578	13	36
1578	14	39
1578	15	42
1578	16	45
1578	17	48
1578	18	51
1578	19	55
1578	20	59
1578	21	64
1578	22	69
1578	23	74
1578	24	79
1578	25	84
1578	26	89
1579	1	101
1579	2	103
1579	3	103
1579	4	103
1579	5	103
1579	6	103
1579	7	103
1579	8	103
1579	9	103
1579	10	103
1579	11	103
1579	12	103
1579	13	103
1579	14	103
1579	15	103
1579	16	103
1579	17	103
1579	18	103
1579	19	103
1579	20	103
1579	21	103
1579	22	103
1579	23	103
1579	24	103
1579	25	103
1579	26	103
1579	27	103
1579	28	103
1579	29	103
1579	30	103
1579	31	103
1579	32	103
1580	1	115
1581	1	109
1581	2	21
1581	3	22
1581	4	23
1581	5	24
1581	6	25
1581	7	26
1581	8	27
1581	9	28
1581	10	29
1581	11	30
1581	12	33
1581	13	36
1581	14	39
1581	15	42
1581	16	45
1581	17	48
1581	18	51
1581	19	55
1581	20	59
1581	21	64
1581	22	69
1581	23	74
1581	24	79
1581	25	84
1581	26	89
1589	1	116
1589	2	42
1589	3	52
1589	4	53
1589	5	54
1589	6	58
1589	7	61
1589	8	65
1589	9	70
1589	10	75
1589	11	80
1589	12	85
1589	13	90
1593	1	108
1593	2	17
1593	3	20
1593	4	25
1593	5	30
1593	6	35
1593	7	40
1593	8	45
1593	9	50
1593	10	55
1593	11	60
1593	12	65
1593	13	70
1593	14	75
1593	15	80
1593	16	87
1600	1	103
1600	2	16
1600	3	17
1600	4	18
1600	5	19
1600	6	20
1600	7	21
1600	8	22
1600	9	23
1600	10	24
1600	11	25
1600	12	26
1600	13	27
1600	14	29
1600	15	32
1600	16	35
1600	17	38
1600	18	41
1600	19	44
1600	20	47
1600	21	50
1600	22	55
1600	23	60
1600	24	65
1600	25	70
1600	26	75
1600	27	80
1600	28	85
1613	1	112
1645	1	111
1645	2	35
1645	3	45
1645	4	60
1645	5	63
1645	6	66
1645	7	71
1645	8	76
1645	9	81
1645	10	86
1646	1	100
1646	2	100
1646	3	100
1646	4	100
1646	5	100
1646	6	100
1646	7	100
1646	8	100
1646	9	100
1646	10	100
1646	11	100
1646	12	100
1646	13	100
1646	14	100
1646	15	100
1646	16	100
1646	17	100
1646	18	100
1646	19	100
1646	20	100
1646	21	100
1646	22	100
1646	23	100
1646	24	100
1646	25	100
1646	26	100
1646	27	100
1646	28	100
1646	29	100
1646	30	100
1646	31	100
1646	32	100
1646	33	100
1647	1	36
1649	1	114
1655	1	44
1656	1	103
1663	1	113
1666	1	117
1666	2	42
1666	3	45
1666	4	49
1666	5	54
1666	6	60
1666	7	70
1666	8	80
1667	1	40
1667	2	46
1667	3	52
1667	4	58
1667	5	64
1667	6	70
1668	1	118
1668	2	56
1668	3	56
1668	4	56
1668	5	56
1940	1	42
2209	1	100
2209	2	100
2209	3	100
2209	4	100
2209	5	100
2209	6	100
2209	7	100
2209	8	100
2209	9	100
2209	10	100
2209	11	100
2209	12	100
2209	13	100
2209	14	100
2209	15	100
2209	16	100
2209	17	100
2209	18	100
2209	19	100
2209	20	100
2209	21	100
2209	22	100
2209	23	100
2209	24	100
2209	25	100
2209	26	100
2209	27	100
2209	28	100
2209	29	100
2209	30	100
2209	31	100
2210	1	110
2210	2	111
2210	3	111
2210	4	111
2210	5	111
2210	6	111
2210	7	111
2210	8	111
2210	9	111
2210	10	111
2210	11	111
2210	12	111
2210	13	111
2210	14	111
2210	15	111
2210	16	111
2210	17	111
2210	18	111
2210	19	111
2210	20	111
2210	21	111
2210	22	111
2210	23	111
2210	24	111
2210	25	111
2210	26	111
2211	1	101
2211	2	103
2211	3	103
2211	4	103
2211	5	103
2211	6	103
2211	7	103
2211	8	103
2211	9	103
2211	10	103
2211	11	103
2211	12	103
2211	13	103
2211	14	103
2211	15	103
2211	16	103
2211	17	103
2211	18	103
2211	19	103
2211	20	103
2211	21	103
2211	22	103
2211	23	103
2211	24	103
2211	25	103
2211	26	103
2211	27	103
2211	28	103
2211	29	103
2211	30	103
2211	31	103
2211	32	103
2212	1	103
2212	2	105
2212	3	105
2212	4	105
2212	5	105
2212	6	105
2212	7	105
2212	8	105
2212	9	105
2212	10	105
2212	11	105
2212	12	105
2212	13	105
2212	14	105
2212	15	105
2212	16	105
2212	17	105
2212	18	105
2212	19	105
2212	20	105
2212	21	105
2212	22	105
2212	23	105
2212	24	105
2212	25	105
2212	26	105
2212	27	105
2212	28	105
2212	29	105
2212	30	105
2212	31	105
2212	32	105
2212	33	105
2212	34	105
2213	1	106
2213	2	109
2213	3	109
2213	4	109
2213	5	109
2213	6	109
2213	7	109
2213	8	109
2213	9	109
2213	10	109
2213	11	109
2213	12	109
2213	13	109
2213	14	109
2213	15	109
2213	16	109
2213	17	109
2213	18	109
2213	19	109
2213	20	109
2213	21	109
2213	22	109
2213	23	109
2214	1	15
2215	1	40
2216	1	36
2217	1	37
2217	2	38
2217	3	46
2217	4	56
2217	5	66
2217	6	76
2218	1	28
2220	1	112
2221	1	116
2222	1	118
2223	1	107
2224	1	114
2225	1	117
2226	1	109
2227	1	66
2228	1	113
2229	1	112
2230	1	116
2231	1	110
2231	2	111
2231	3	111
2231	4	111
2231	5	111
2232	1	107
2232	2	109
2232	3	109
2232	4	109
2232	5	109
2232	6	109
2232	7	109
2232	8	109
2232	9	109
2232	10	109
2232	11	109
2232	12	109
2232	13	109
2232	14	109
2232	15	109
2232	16	109
2232	17	109
2232	18	109
2232	19	109
2232	20	109
2232	21	109
2232	22	109
2232	23	109
2232	24	109
2232	25	109
2232	26	109
2232	27	109
2232	28	109
2232	29	109
2232	30	109
2232	31	109
2233	1	109
2233	2	111
2233	3	111
2233	4	111
2233	5	111
2233	6	111
2233	7	111
2233	8	111
2233	9	111
2233	10	111
2233	11	111
2233	12	111
2233	13	111
2233	14	111
2233	15	111
2233	16	111
2233	17	111
2233	18	111
2233	19	111
2233	20	111
2233	21	111
2233	22	111
2233	23	111
2233	24	111
2233	25	111
2233	26	111
2233	27	111
2233	28	111
2233	29	111
2233	30	111
2233	31	111
2233	32	111
2234	1	42
2235	1	113
2563	1	66
2572	1	103
2572	2	105
2572	3	105
2572	4	105
2572	5	105
2572	6	105
2572	7	105
2572	8	105
2572	9	105
2572	10	105
2572	1	105
2572	2	105
2572	3	105
2572	4	105
2572	5	105
2572	6	105
2572	7	105
2572	8	105
2572	9	105
2572	10	105
2581	1	58
2589	1	62
2603	1	117
2636	1	110
2636	2	110
2636	3	110
2636	4	110
2636	5	110
2636	6	110
2636	7	110
2636	8	110
2636	9	110
2636	10	110
2636	11	110
2636	12	110
2636	13	110
2636	14	110
2636	15	110
2636	16	110
2636	17	110
2636	18	110
2636	19	110
2636	20	110
2636	21	110
2636	22	110
2636	23	110
2636	24	110
2636	25	110
2636	26	110
2636	27	110
2636	28	110
2636	29	110
2645	1	117
2654	1	117
2663	1	117
2674	1	112
2674	2	112
2674	3	112
2674	4	112
2674	5	112
2674	6	112
2674	7	112
2674	8	112
2674	9	112
2674	10	112
2674	11	112
2674	12	112
2674	13	112
2674	14	112
2674	15	112
2674	16	112
2681	1	114
2690	1	117
2699	1	115
2699	2	115
2699	3	115
2699	4	115
2699	5	115
2699	6	115
2699	7	115
2699	8	115
2699	9	115
2699	10	115
2699	11	115
2699	12	115
2699	13	115
2699	14	115
2699	15	115
2699	16	115
2707	1	100
2707	2	100
2707	3	100
2707	4	100
2707	5	100
2707	6	100
2707	7	100
2707	8	100
2707	9	100
2707	10	100
2707	11	100
2707	12	100
2707	13	100
2707	14	100
2707	15	100
2707	16	100
2707	17	100
2707	18	100
2707	19	100
2707	20	100
2707	21	100
2707	22	100
2707	23	100
2707	24	100
2707	25	100
2707	26	100
2707	27	100
2707	28	100
2716	1	106
2716	2	106
2716	3	106
2716	4	106
2716	5	106
2716	6	106
2716	7	106
2716	8	106
2716	9	106
2716	10	106
2716	11	106
2716	12	106
2716	13	106
2716	14	106
2716	15	106
2716	16	106
2716	17	106
2716	18	106
2750	1	66
2957	1	111
2957	2	113
2957	3	113
2957	4	113
2957	5	113
2957	6	113
2957	7	113
2957	8	113
2957	9	113
2957	10	113
2957	11	113
2957	12	113
2957	13	113
2957	14	113
2957	15	113
2957	16	113
2957	17	113
2957	18	113
2957	19	113
2957	20	113
2957	21	113
2957	22	113
2957	23	113
2957	24	113
2957	25	113
2957	26	113
2957	27	113
2957	28	113
2957	29	113
2957	30	113
2957	31	113
2957	32	113
2957	33	113
2957	34	113
2965	1	119
3003	1	114
3087	1	28
3087	2	29
3087	3	30
3087	4	31
3087	5	34
3087	6	37
3087	7	41
3087	8	45
3087	9	49
3087	10	53
3087	11	57
3087	12	61
3087	13	65
3087	14	69
3087	15	73
3087	16	77
3087	17	81
3087	18	85
3087	19	89
3089	1	110
3090	1	115
3091	1	111
3093	1	101
3093	2	101
3093	3	101
3093	4	101
3093	5	101
3093	6	101
3093	7	101
3093	8	101
3093	9	101
3093	10	101
3093	11	101
3093	12	101
3093	13	101
3093	14	101
3093	15	101
3093	16	101
3093	17	101
3093	18	101
3093	19	101
3093	20	101
3093	21	101
3093	22	101
3093	23	101
3093	24	101
3093	25	101
3093	26	101
3093	27	101
3093	28	101
3094	1	114
3095	1	100
3095	2	100
3095	3	100
3095	4	100
3095	5	100
3095	6	100
3095	7	100
3095	8	100
3095	9	100
3095	10	100
3095	11	100
3095	12	100
3095	13	100
3095	14	100
3095	15	100
3095	16	100
3095	17	100
3095	18	100
3095	19	100
3095	20	100
3095	21	100
3095	22	100
3095	23	100
3095	24	100
3095	25	100
3095	26	100
3095	27	100
3095	28	100
3096	1	103
3096	2	103
3096	3	103
3096	4	103
3096	5	103
3096	6	103
3096	7	103
3096	8	103
3096	9	103
3096	10	103
3096	11	103
3096	12	103
3096	13	103
3096	14	103
3096	15	103
3096	16	103
3096	17	103
3096	18	103
3096	19	103
3096	20	103
3096	21	103
3096	22	103
3096	23	103
3096	24	103
3096	25	103
3096	26	103
3096	27	103
3096	28	103
3097	1	106
3097	2	106
3097	3	106
3097	4	106
3097	5	106
3097	6	106
3097	7	106
3097	8	106
3097	9	106
3097	10	106
3097	11	106
3097	12	106
3097	13	106
3097	14	106
3097	15	106
3097	16	106
3097	17	106
3097	18	106
3097	19	106
3097	20	106
3097	21	106
3097	22	106
3097	23	106
3097	24	106
3097	25	106
3097	26	106
3097	27	106
3098	1	109
3098	2	109
3098	3	109
3098	4	109
3098	5	109
3098	6	109
3098	7	109
3098	8	109
3098	9	109
3098	10	109
3098	11	109
3098	12	109
3098	13	109
3098	14	109
3098	15	109
3101	1	108
3101	2	108
3101	3	108
3101	4	108
3101	5	108
3101	6	108
3101	7	108
3101	8	108
3101	9	108
3101	10	108
3101	11	108
3101	12	108
3101	13	108
3101	14	108
3101	15	108
3101	16	108
3101	17	108
3101	18	108
3101	19	108
3101	20	108
3101	21	108
3101	22	108
3101	23	108
3101	24	108
3101	25	108
3101	26	108
3101	27	108
3101	28	108
3103	1	116
3105	1	107
3105	2	107
3105	3	107
3105	4	107
3105	5	107
3105	6	107
3105	7	107
3105	8	107
3105	9	107
3105	10	107
3105	11	107
3105	12	107
3105	13	107
3105	14	107
3105	15	107
3105	16	107
3105	17	107
3105	18	107
3105	19	107
3105	20	107
3105	21	107
3105	22	107
3105	23	107
3105	24	107
3105	25	107
3105	26	107
3105	27	107
3106	1	108
3106	2	108
3106	3	108
3106	4	108
3106	5	108
3106	6	108
3106	7	108
3106	8	108
3106	9	108
3106	10	108
3106	11	108
3106	12	108
3106	13	108
3106	14	108
3106	15	108
3106	16	108
3106	17	108
3106	18	108
3106	19	108
3106	20	108
3106	21	108
3106	22	108
3106	23	108
3106	24	108
3106	25	108
3106	26	108
3106	27	108
3108	1	112
3108	2	112
3108	3	112
3108	4	112
3108	5	112
3108	6	112
3108	7	112
3108	8	112
3108	9	112
3108	10	112
3108	11	112
3108	12	112
3108	13	112
3108	14	112
3108	15	112
3108	16	112
3108	17	112
3108	18	112
3108	19	112
3108	20	112
3108	21	112
3108	22	112
3108	23	112
3108	24	112
3108	25	112
3108	26	112
3108	27	112
3108	28	112
3109	1	111
3110	1	117
3111	1	113
3112	1	109
3114	1	112
3118	1	113
3357	1	113
3373	1	32
3374	1	32
3702	1	111
3702	2	113
3702	3	113
3702	4	113
3702	5	113
3702	6	113
3959	1	108
3959	2	108
3959	3	108
3959	4	108
3959	5	108
3959	6	108
3959	7	108
3959	8	108
3959	9	108
3959	10	108
3959	11	108
3959	12	108
3959	13	108
3959	14	108
3959	15	108
3959	16	108
3959	17	108
3959	18	108
3959	19	108
3959	20	108
3959	21	108
3959	22	108
3959	23	108
3959	24	108
3960	1	109
3960	2	109
3960	3	109
3960	4	109
3960	5	109
3960	6	109
3960	7	109
3960	8	109
3960	9	109
3960	10	109
3960	11	109
3960	12	109
3960	13	109
3960	14	109
3960	15	109
3960	16	109
3960	17	109
3960	18	109
3962	1	100
3962	2	100
3962	3	100
3962	4	100
3962	5	100
3962	6	100
3962	7	100
3962	8	100
3962	9	100
3962	10	100
3962	11	100
3962	12	100
3962	13	100
3962	14	100
3962	15	100
3962	16	100
3962	17	100
3962	18	100
3962	19	100
3962	20	100
3962	21	100
3962	22	100
3962	23	100
3962	24	100
3962	25	100
3962	26	100
3962	27	100
3962	28	100
3962	29	100
3962	30	100
3962	31	100
3962	32	100
3962	33	100
3963	1	103
3963	2	103
3963	3	103
3963	4	103
3963	5	103
3963	6	103
3963	7	103
3963	8	103
3963	9	103
3963	10	103
3963	11	103
3963	12	103
3963	13	103
3963	14	103
3963	15	103
3963	16	103
3963	17	103
3963	18	103
3963	19	103
3963	20	103
3963	21	103
3963	22	103
3963	23	103
3963	24	103
3963	25	103
3963	26	103
3963	27	103
3963	28	103
3963	29	103
3963	30	103
3963	31	103
3963	32	103
3965	1	34
3966	1	106
3967	1	101
3967	2	101
3967	3	101
3967	4	101
3967	5	101
3967	6	101
3967	7	101
3967	8	101
3967	9	101
3967	10	101
3967	11	101
3967	12	101
3967	13	101
3967	14	101
3967	15	101
3967	16	101
3967	17	101
3967	18	101
3967	19	101
3967	20	101
3967	21	101
3967	22	101
3967	23	101
3967	24	101
3967	25	101
3967	26	101
3967	27	101
3967	28	101
3967	29	101
3967	30	101
3967	31	101
3967	32	101
3968	1	38
3969	1	114
3970	1	113
3971	1	46
3973	1	112
3973	2	112
3973	3	112
3973	4	112
3973	5	112
3973	6	112
3974	1	110
3975	1	118
3977	1	116
3978	1	58
3979	1	111
3979	2	111
3979	3	111
3979	4	111
3979	5	111
3979	6	111
3979	7	111
3979	8	111
3979	9	111
3979	10	111
3979	11	111
3979	12	111
3979	13	111
3979	14	111
3979	15	111
3979	16	111
3979	17	111
3979	18	111
3979	19	111
3979	20	111
3979	21	111
3979	22	111
3979	23	111
3979	24	111
3979	25	111
3979	26	111
3979	27	111
3979	28	111
3979	29	111
3980	1	111
3980	2	111
3980	3	111
3980	4	111
3980	5	111
3982	1	110
3984	1	34
3984	2	48
3984	3	62
3984	4	76
3985	1	115
4104	1	25
4910	1	115
5257	1	103
5257	2	105
5257	3	105
5257	4	105
5257	5	105
5257	6	105
5257	7	105
5257	8	105
5257	9	105
5257	10	105
5257	11	105
5257	12	105
5257	13	105
5257	14	105
5257	15	105
5257	16	105
5258	1	100
5258	2	100
5258	3	100
5258	4	100
5258	5	100
5258	6	100
5258	7	100
5258	8	100
5258	9	100
5258	10	100
5258	11	100
5258	12	100
5258	13	100
5258	14	100
5258	15	100
5258	16	100
5258	17	100
5258	18	100
5258	19	100
5258	20	100
5258	21	100
5259	1	101
5259	2	109
5259	3	109
5259	4	109
5259	5	109
5259	6	109
5260	1	105
5260	2	109
5260	3	109
5260	4	109
5260	5	109
5260	6	109
5260	7	109
5260	8	109
5260	9	109
5260	10	109
5260	11	109
5260	12	109
5260	13	109
5260	14	109
5260	15	109
5260	16	109
5260	17	109
5260	18	109
5260	19	109
5260	20	109
5260	21	109
5260	22	109
5262	1	109
5262	2	111
5262	3	111
5262	4	111
5262	5	111
5262	6	111
5262	7	111
5263	1	111
5263	2	113
5263	3	113
5263	4	113
5263	5	113
5263	6	113
5263	7	113
5263	8	113
5263	9	113
5263	10	113
5263	11	113
5263	12	113
5263	13	113
5265	1	112
5265	2	114
5265	3	114
5265	4	114
5265	5	114
5265	6	114
5266	1	108
5266	2	110
5266	3	110
5266	4	110
5266	5	110
5266	6	110
5266	7	110
5266	8	110
5266	9	110
5266	10	110
5266	11	110
5266	12	110
5266	13	110
5266	14	110
5266	15	110
5266	16	110
5266	17	110
5267	1	116
5267	2	117
5267	3	117
5267	4	117
5267	5	117
5267	6	117
5267	7	117
5267	8	117
5268	1	110
5269	1	113
5270	1	114
5354	1	100
5354	2	100
5354	3	100
5354	4	100
5354	5	100
5354	6	100
5354	7	100
5354	8	100
5354	9	100
5354	10	100
5354	11	100
5354	12	100
5354	13	100
5354	14	100
5354	15	100
5354	16	100
5354	17	100
5354	18	100
5354	19	100
5354	20	100
5354	21	100
5361	1	115
5361	2	117
5361	3	117
5361	4	117
5361	5	117
5361	6	117
5361	7	117
5361	8	117
5362	1	117
5365	1	111
5365	2	113
5365	3	113
5365	4	113
5365	5	113
5365	6	113
5365	7	113
5365	8	113
5365	9	113
5367	1	120
5367	2	120
5367	3	120
5367	4	120
5367	5	120
5367	6	120
5367	7	120
5367	8	120
5367	9	120
5367	10	120
5367	11	120
5367	12	120
5368	1	120
5368	2	120
5368	3	120
5368	4	120
5368	5	120
5368	6	120
5368	7	120
5368	8	120
5368	9	120
5368	10	120
5368	11	120
5368	12	120
5368	13	120
5368	14	120
5368	15	120
5368	16	120
5368	17	120
5368	18	120
5368	19	120
5369	1	120
5369	2	120
5369	3	120
5369	4	120
5369	5	120
5369	6	120
5369	7	120
5369	8	120
5369	9	120
5369	10	120
5370	1	120
5370	2	120
5370	3	120
5370	4	120
5370	5	120
5370	6	120
5370	7	120
5370	8	120
5370	9	120
5370	10	120
5370	11	120
5522	1	118
5522	2	116
5522	3	116
5522	4	116
5522	5	116
5522	6	116
5522	7	116
5522	8	116
5602	1	119
5602	2	116
5602	3	116
5602	4	116
5602	5	116
5602	6	116
5602	7	116
5602	8	116
5602	9	116
5638	1	107
5638	2	103
5638	3	103
5638	4	103
5638	5	103
5638	6	103
5638	7	103
5638	8	103
5638	9	103
5638	10	103
5638	11	103
5638	12	103
5638	13	103
5638	14	103
5638	15	103
5638	16	103
5638	17	103
5638	18	103
5638	19	103
5638	20	103
6444	1	103
6444	2	103
6444	3	103
6444	4	103
6444	5	103
6444	6	103
6444	7	103
6444	8	103
6444	9	103
6444	10	103
6444	11	103
6444	12	103
6444	13	103
6444	14	103
6444	15	103
6444	16	103
6444	17	103
6444	18	103
6444	19	103
6444	20	103
6444	21	103
6444	22	103
6444	23	103
6444	24	103
6444	25	103
6444	26	103
6444	27	103
6444	28	103
6450	1	106
6450	2	106
6450	3	106
6450	4	106
6450	5	106
6450	6	106
6450	7	106
6450	8	106
6450	9	106
6450	10	106
6450	11	106
6450	12	106
6450	13	106
6450	14	106
6450	15	106
6450	16	106
6450	17	106
6450	18	106
6450	19	106
6450	20	106
6450	21	106
6450	22	106
6450	23	106
6450	24	106
6450	25	106
6450	26	106
6450	27	106
6520	1	15
6520	2	16
6520	3	18
6520	4	21
6520	5	25
6520	6	30
6520	7	36
6520	8	38
6520	9	40
6520	10	42
6520	11	44
6520	12	46
6520	13	48
6520	14	50
6520	15	52
6520	16	54
6520	17	56
6520	18	58
6520	19	60
6520	20	62
6520	21	64
6520	22	66
6520	23	68
6520	24	70
6520	25	72
6520	26	76
6520	27	80
6520	28	84
6520	29	88
6621	1	1
6621	2	5
6621	3	16
6621	4	17
6621	5	18
6621	6	19
6621	7	20
6621	8	21
6621	9	22
6621	10	23
6621	11	24
6621	12	25
6621	13	27
6621	14	29
6621	15	31
6621	16	33
6621	17	35
6621	18	37
6621	19	39
6621	20	43
6621	21	47
6621	22	51
6621	23	55
6621	24	59
6621	25	63
6621	26	67
6621	27	71
6621	28	75
6621	29	79
6621	30	83
6621	31	87
6626	1	26
6626	2	42
6626	3	43
6626	4	46
6626	5	48
6626	6	50
6626	7	52
6626	8	54
6626	9	56
6626	10	58
6626	11	60
6626	12	62
6626	13	64
6626	14	66
6626	15	68
6626	16	70
6626	17	72
6626	18	74
6626	19	76
6626	20	78
6626	21	80
6626	22	82
6626	23	84
6626	24	86
6626	25	88
6626	26	90
6662	1	107
6662	2	109
6662	3	109
6662	4	109
6662	5	109
6662	6	109
6662	7	109
6662	8	109
6662	9	109
6662	10	109
6662	11	109
6662	12	109
6662	13	109
6662	14	109
6662	15	109
6662	16	109
6662	17	109
6662	18	109
6662	19	109
6662	20	109
6662	21	109
6662	22	109
6662	23	109
6662	24	109
6662	25	109
6662	26	109
6662	27	109
6662	28	109
6662	29	109
6662	30	109
6662	31	109
6675	1	15
6675	2	16
6675	3	17
6675	4	18
6675	5	19
6675	6	20
6675	7	21
6675	8	22
6675	9	23
6675	10	24
6675	11	25
6675	12	26
6675	13	27
6675	14	28
6675	15	30
6675	16	32
6675	17	34
6675	18	36
6675	19	38
6675	20	40
6675	21	44
6675	22	48
6675	23	52
6675	24	56
6675	25	60
6675	26	64
6675	27	68
6675	28	72
6675	29	76
6675	30	80
6675	31	84
6675	32	88
6767	1	40
6901	1	60
8490	1	15
8490	2	15
8490	3	16
8490	4	17
8490	5	18
8490	6	19
8490	7	20
8490	8	21
8490	9	22
8490	10	24
8490	11	26
8490	12	30
8490	13	33
8490	14	39
8490	15	45
8490	16	52
8490	17	59
8490	18	66
8490	19	76
8490	20	86
8670	1	100
9002	1	110
9002	2	110
9002	3	110
9002	4	110
9002	5	110
9002	6	110
9002	7	110
9003	1	110
9003	2	110
9003	3	110
9004	1	112
9005	1	112
9006	1	112
9335	1	15
9335	2	16
9335	3	17
9335	4	18
9335	5	19
9335	6	20
9335	7	21
9335	8	22
9335	9	23
9335	10	25
9335	11	27
9335	12	29
9335	13	31
9335	14	34
9335	15	37
9335	16	40
9335	17	43
9335	18	46
9335	19	49
9335	20	52
9335	21	55
9335	22	58
9335	23	61
9335	24	64
9335	25	67
9335	26	70
9335	27	74
9335	28	78
9335	29	82
9335	30	86
9335	31	89
9341	1	15
9341	2	16
9341	3	17
9341	4	18
9341	5	19
9341	6	20
9341	7	21
9341	8	22
9341	9	23
9341	10	25
9341	11	27
9341	12	29
9341	13	31
9341	14	34
9341	15	37
9341	16	40
9341	17	43
9341	18	46
9341	19	49
9341	20	52
9341	21	55
9341	22	58
9341	23	61
9341	24	64
9341	25	67
9341	26	70
9341	27	74
9341	28	78
9341	29	82
9341	30	86
9341	31	89
9440	1	15
9440	2	16
9440	3	18
9440	4	21
9440	5	25
9440	6	30
9440	7	36
9440	8	38
9440	9	40
9440	10	42
9440	11	44
9440	12	46
9440	13	48
9440	14	50
9440	15	52
9440	16	54
9440	17	56
9440	18	58
9440	19	60
9440	20	62
9440	21	64
9440	22	66
9440	23	68
9440	24	70
9440	25	72
9440	26	76
9440	27	80
9440	28	84
9440	29	88
9441	1	15
9441	2	16
9441	3	18
9441	4	21
9441	5	25
9441	6	30
9441	7	36
9441	8	38
9441	9	40
9441	10	42
9441	11	44
9441	12	46
9441	13	48
9441	14	50
9441	15	52
9441	16	54
9441	17	56
9441	18	58
9441	19	60
9441	20	62
9441	21	64
9441	22	66
9441	23	68
9441	24	70
9441	25	72
9441	26	76
9441	27	80
9441	28	84
9441	29	88
13040	1	118
13042	1	119
13044	1	100
13044	2	100
13044	3	100
13044	4	100
13044	5	100
13044	6	100
13044	7	100
13044	8	100
13044	9	100
13044	10	100
13044	11	100
13044	12	100
13044	13	100
13044	14	100
13044	15	100
13044	16	100
13044	17	100
13044	18	100
13044	19	100
13044	20	100
13044	21	100
13044	22	100
13044	23	100
13044	24	100
13044	25	100
13044	26	100
13044	27	100
13044	28	100
13044	29	100
13044	30	100
13044	31	100
13044	32	100
13044	33	100
13045	1	114
13045	2	114
13045	3	114
13045	4	114
13045	5	114
13045	6	114
13045	7	114
13045	8	114
13045	9	114
13045	10	114
13045	11	114
13045	12	114
13045	13	114
13045	14	114
13045	15	114
13045	16	114
13045	17	114
13045	18	114
13045	19	114
13045	20	114
13045	21	114
13045	22	114
13045	23	114
13045	24	114
13046	1	107
13046	2	107
13046	3	107
13046	4	107
13046	5	107
13046	6	107
13046	7	107
13046	8	107
13046	9	107
13046	10	107
13046	11	107
13046	12	107
13046	13	107
13046	14	107
13046	15	107
13046	16	107
13046	17	107
13046	18	107
13046	19	107
13046	20	107
13046	21	107
13046	22	107
13046	23	107
13046	24	107
13046	25	107
13047	1	101
13047	2	101
13047	3	101
13047	4	101
13047	5	101
13047	6	101
13047	7	101
13047	8	101
13047	9	101
13047	10	101
13047	11	101
13047	12	101
13047	13	101
13047	14	101
13047	15	101
13047	16	101
13048	1	103
13048	2	103
13048	3	103
13048	4	103
13048	5	103
13048	6	103
13048	7	103
13048	8	103
13048	9	103
13048	10	103
13048	11	103
13048	12	103
13048	13	103
13048	14	103
13048	15	103
13048	16	103
13049	1	120
13050	1	106
13050	2	106
13050	3	106
13050	4	106
13050	5	106
13050	6	106
13050	7	106
13050	8	106
13050	9	106
13050	10	106
13050	11	106
13050	12	106
13050	13	106
13050	14	106
13050	15	106
13052	1	107
13052	2	107
13052	3	107
13052	4	107
13052	5	107
13052	6	107
13052	7	107
13052	8	107
13052	9	107
13052	10	107
13052	11	107
13052	12	107
13052	13	107
13052	14	107
13052	15	107
13052	16	107
13052	17	107
13052	18	107
13052	19	107
13052	20	107
13052	21	107
13052	22	107
13052	23	107
13052	24	107
13052	25	107
13052	26	107
13052	27	107
13052	28	107
13053	1	116
13053	2	116
13053	3	116
13053	4	116
13053	5	116
13053	6	116
13053	7	116
13053	8	116
13053	9	116
13053	10	116
13053	11	116
13053	12	116
13053	13	116
13053	14	116
13053	15	116
13053	16	116
13053	17	116
13053	18	116
13054	1	109
13054	2	109
13054	3	109
13054	4	109
13054	5	109
13054	6	109
13054	7	109
13054	8	109
13054	9	109
13054	10	109
13054	11	109
13054	12	109
13054	13	109
13054	14	109
13054	15	109
13054	16	109
13054	17	109
13054	18	109
13054	19	109
13054	20	109
13054	21	109
13054	22	109
13055	1	111
13055	2	111
13055	3	111
13055	4	111
13055	5	111
13055	6	111
13055	7	111
13055	8	111
13055	9	111
13055	10	111
13055	11	111
13055	12	111
13055	13	111
13055	14	111
13055	15	111
13055	16	111
13055	17	111
13055	18	111
13055	19	111
13055	20	111
13067	1	120
13068	1	117
13068	2	117
13068	3	117
13068	4	117
13068	5	117
13068	6	117
13068	7	117
13068	8	117
13068	9	117
13068	10	117
13070	1	113
13391	1	110
13424	1	115
13430	1	15
13430	2	15
13430	3	16
13430	4	17
13430	5	18
13430	6	19
13430	7	20
13430	8	21
13430	9	22
13430	10	23
13430	11	24
13430	12	25
13430	13	26
13430	14	28
13430	15	30
13430	16	32
13430	17	34
13430	18	36
13430	19	38
13430	20	40
13430	21	44
13430	22	48
13430	23	52
13430	24	56
13430	25	60
13430	26	64
13430	27	68
13430	28	72
13430	29	76
13430	30	80
13430	31	84
13430	32	88
13983	1	15
13983	2	25
13983	3	35
13983	4	55
13983	5	75
14064	1	100
14064	2	100
14064	3	100
14064	4	100
14064	5	100
14064	6	100
14064	7	100
14064	8	100
14064	9	100
14064	10	100
14064	11	100
14064	12	100
14064	13	100
14064	14	100
14064	15	100
14064	16	100
14064	17	100
14064	18	100
14064	19	100
14064	20	100
14064	21	100
14064	22	100
14064	23	100
14064	24	100
14064	25	100
14065	1	103
14065	2	103
14065	3	103
14065	4	103
14065	5	103
14065	6	103
14065	7	103
14065	8	103
14065	9	103
14065	10	103
14065	11	103
14065	12	103
14065	13	103
14065	14	103
14065	15	103
14065	16	103
14065	17	103
14065	18	103
14065	19	103
14065	20	103
14065	21	103
14065	22	103
14065	23	103
14065	24	103
14065	25	103
14066	1	107
14066	2	107
14066	3	107
14066	4	107
14066	5	107
14066	6	107
14066	7	107
14066	8	107
14066	9	107
14066	10	107
14066	11	107
14066	12	107
14066	13	107
14066	14	107
14066	15	107
14066	16	107
14066	17	107
14066	18	107
14066	19	107
14066	20	107
14066	21	107
14066	22	107
14066	23	107
14066	24	107
14066	25	107
14067	1	106
14067	2	106
14067	3	106
14067	4	106
14067	5	106
14067	6	106
14067	7	106
14067	8	106
14067	9	106
14067	10	106
14067	11	106
14067	12	106
14067	13	106
14067	14	106
14067	15	106
14067	16	106
14067	17	106
14067	18	106
14067	19	106
14067	20	106
14067	21	106
14067	22	106
14067	23	106
14067	24	106
14067	25	106
14068	1	101
14068	2	101
14068	3	101
14068	4	101
14068	5	101
14068	6	101
14068	7	101
14068	8	101
14068	9	101
14068	10	101
14068	11	101
14068	12	101
14068	13	101
14068	14	101
14068	15	101
14068	16	101
14068	17	101
14068	18	101
14068	19	101
14068	20	101
14068	21	101
14068	22	101
14068	23	101
14068	24	101
14068	25	101
14069	1	117
14070	1	116
14070	2	116
14070	3	116
14070	4	116
14070	5	116
14070	6	116
14070	7	116
14070	8	116
14070	9	116
14070	10	116
14070	11	116
14070	12	116
14070	13	116
14070	14	116
14070	15	116
14070	16	116
14070	17	116
14070	18	116
14070	19	116
14070	20	116
14070	21	116
14070	22	116
14070	23	116
14070	24	116
14070	25	116
14071	1	120
14071	2	120
14071	3	120
14071	4	120
14071	5	120
14071	6	120
14071	7	120
14071	8	120
14071	9	120
14071	10	120
14071	11	120
14071	12	120
14071	13	120
14071	14	120
14071	15	120
14071	16	120
14071	17	120
14071	18	120
14071	19	120
14071	20	120
14071	21	120
14071	22	120
14071	23	120
14071	24	120
14071	25	120
14072	1	120
14073	1	113
14074	1	118
14075	1	111
14076	1	115
14081	1	120
14082	1	112
14083	1	109
14084	1	114
14137	1	100
14137	2	100
14137	3	100
14137	4	100
14137	5	100
14137	6	100
14137	7	100
14137	8	100
14137	9	100
14137	10	100
14137	11	100
14137	12	100
14137	13	100
14137	14	100
14137	15	100
14137	16	100
14137	17	100
14137	18	100
14137	19	100
14137	20	100
14137	21	100
14137	22	100
14137	23	100
14137	24	100
14137	25	100
14138	1	103
14138	2	103
14138	3	103
14138	4	103
14138	5	103
14138	6	103
14138	7	103
14138	8	103
14138	9	103
14138	10	103
14138	11	103
14138	12	103
14138	13	103
14138	14	103
14138	15	103
14138	16	103
14138	17	103
14138	18	103
14138	19	103
14138	20	103
14138	21	103
14138	22	103
14138	23	103
14138	24	103
14138	25	103
14139	1	107
14139	2	107
14139	3	107
14139	4	107
14139	5	107
14139	6	107
14139	7	107
14139	8	107
14139	9	107
14139	10	107
14139	11	107
14139	12	107
14139	13	107
14139	14	107
14139	15	107
14139	16	107
14139	17	107
14139	18	107
14139	19	107
14139	20	107
14139	21	107
14139	22	107
14139	23	107
14139	24	107
14139	25	107
14140	1	106
14140	2	106
14140	3	106
14140	4	106
14140	5	106
14140	6	106
14140	7	106
14140	8	106
14140	9	106
14140	10	106
14140	11	106
14140	12	106
14140	13	106
14140	14	106
14140	15	106
14140	16	106
14140	17	106
14140	18	106
14140	19	106
14140	20	106
14140	21	106
14140	22	106
14140	23	106
14140	24	106
14140	25	106
14141	1	101
14141	2	101
14141	3	101
14141	4	101
14141	5	101
14141	6	101
14141	7	101
14141	8	101
14141	9	101
14141	10	101
14141	11	101
14141	12	101
14141	13	101
14141	14	101
14141	15	101
14141	16	101
14141	17	101
14141	18	101
14141	19	101
14141	20	101
14141	21	101
14141	22	101
14141	23	101
14141	24	101
14141	25	101
14154	1	119
14230	1	116
14230	2	116
14230	3	116
14230	4	116
14230	5	116
14230	6	116
14230	7	116
14230	8	116
14230	9	116
14230	10	116
14230	11	116
14230	12	116
14230	13	116
14230	14	116
14230	15	116
14230	16	116
14230	17	116
14230	18	116
14230	19	116
14230	20	116
14230	21	116
14230	22	116
14230	23	116
14230	24	116
14230	25	116
14231	1	120
14231	2	120
14231	3	120
14231	4	120
14231	5	120
14231	6	120
14231	7	120
14231	8	120
14231	9	120
14231	10	120
14231	11	120
14231	12	120
14231	13	120
14231	14	120
14231	15	120
14231	16	120
14231	17	120
14231	18	120
14231	19	120
14231	20	120
14231	21	120
14231	22	120
14231	23	120
14231	24	120
14231	25	120
14298	1	100
14298	2	100
14298	3	100
14298	4	100
14298	5	100
14298	6	100
14298	7	100
14298	8	100
14298	9	100
14298	10	100
14298	11	100
14298	12	100
14298	13	100
14298	14	100
14298	15	100
14298	16	100
14298	17	100
14298	18	100
14298	19	100
14298	20	100
14298	21	100
14298	22	100
14298	23	100
14298	24	100
14298	25	100
14299	1	106
14299	2	106
14299	3	106
14299	4	106
14299	5	106
14299	6	106
14299	7	106
14299	8	106
14299	9	106
14299	10	106
14299	11	106
14299	12	106
14299	13	106
14299	14	106
14299	15	106
14299	16	106
14299	17	106
14299	18	106
14299	19	106
14299	20	106
14299	21	106
14299	22	106
14299	23	106
14299	24	106
14299	25	106
14300	1	100
14300	2	100
14300	3	100
14300	4	100
14300	5	100
14300	6	100
14300	7	100
14300	8	100
14300	9	100
14300	10	100
14300	11	100
14300	12	100
14300	13	100
14300	14	100
14300	15	100
14300	16	100
14300	17	100
14300	18	100
14300	19	100
14300	20	100
14300	21	100
14300	22	100
14300	23	100
14300	24	100
14300	25	100
14301	1	106
14301	2	106
14301	3	106
14301	4	106
14301	5	106
14301	6	106
14301	7	106
14301	8	106
14301	9	106
14301	10	106
14301	11	106
14301	12	106
14301	13	106
14301	14	106
14301	15	106
14301	16	106
14301	17	106
14301	18	106
14301	19	106
14301	20	106
14301	21	106
14301	22	106
14301	23	106
14301	24	106
14301	25	106
14303	1	100
14303	2	100
14303	3	100
14303	4	100
14303	5	100
14303	6	100
14303	7	100
14303	8	100
14303	9	100
14303	10	100
14303	11	100
14303	12	100
14303	13	100
14303	14	100
14303	15	100
14303	16	100
14303	17	100
14303	18	100
14303	19	100
14303	20	100
14303	21	100
14303	22	100
14303	23	100
14303	24	100
14303	25	100
14639	1	55
14664	1	112
14664	2	112
14664	3	112
14664	4	112
14664	5	112
14664	6	112
14664	7	112
14664	8	112
14664	9	112
14664	10	112
14664	11	112
14664	12	112
14664	13	112
14664	14	112
14664	15	112
15053	1	1
15053	2	5
15053	3	10
15053	4	17
15053	5	18
15053	6	19
15053	7	20
15053	8	21
15053	9	22
15053	10	23
15053	11	24
15053	12	25
15053	13	27
15053	14	29
15053	15	31
15053	16	33
15053	17	35
15053	18	37
15053	19	39
15053	20	41
15053	21	43
15053	22	45
15053	23	47
15053	24	49
15053	25	51
15053	26	56
15053	27	61
15053	28	66
15053	29	71
15053	30	76
15053	31	81
15053	32	86
15092	1	114
15165	1	117
16027	1	109
16027	2	23
16027	3	24
16027	4	25
16027	5	29
16027	6	33
16027	7	37
16027	8	40
16027	9	44
16027	10	48
16027	11	52
16027	12	55
16027	13	60
16027	14	66
16027	15	71
16028	1	105
16028	2	15
16028	3	17
16028	4	19
16028	5	21
16028	6	24
16028	7	27
16028	8	30
16028	9	34
16028	10	36
16085	1	110
16085	2	27
16085	3	28
16085	4	29
16085	5	31
16085	6	35
16085	7	38
16085	8	41
16085	9	44
16085	10	48
16085	11	53
16085	12	57
16085	13	62
16085	14	67
16085	15	74
16166	1	107
16168	1	1
16169	1	109
16304	1	115
16304	2	53
16304	3	54
16304	4	55
16304	5	56
16304	6	57
16304	7	58
16304	8	59
16304	9	63
16304	10	68
16304	11	72
16304	12	76
16304	13	78
16304	14	82
16304	15	86
16455	1	118
16460	1	114
16460	2	20
16460	3	26
16460	4	33
16460	5	41
16460	6	50
16460	7	60
16460	8	71
16460	9	84
16460	10	89
16479	1	113
16479	2	24
16479	3	28
16479	4	32
16479	5	36
16479	6	40
16479	7	44
16479	8	48
16479	9	52
16479	10	56
16479	11	60
16479	12	64
16479	13	68
16479	14	72
16479	15	76
16598	1	112
16598	2	43
16598	3	47
16598	4	53
16598	5	57
16598	6	61
16598	7	66
16598	8	73
16598	9	81
16598	10	88
16601	1	1
16601	2	7
16601	3	15
16601	4	20
16601	5	22
16601	6	25
16601	7	28
16601	8	31
16601	9	34
16601	10	37
16601	11	40
16601	12	43
16601	13	46
16601	14	49
16601	15	52
16602	1	101
16602	2	16
16602	3	18
16602	4	19
16602	5	23
16602	6	26
16602	7	29
16602	8	33
16602	9	36
16602	10	39
16602	11	42
16602	12	46
16602	13	50
16602	14	53
16602	15	56
16620	1	116
16621	1	113
16621	2	31
16621	3	32
16621	4	35
16621	5	38
16621	6	41
16621	7	45
16621	8	49
16621	9	53
16621	10	56
16621	11	61
16621	12	65
16621	13	69
16621	14	75
16621	15	79
16627	1	103
16627	2	18
16627	3	24
16627	4	28
16627	5	32
16627	6	36
16627	7	40
16627	8	44
16627	9	51
16627	10	59
16628	1	109
16628	2	15
16628	3	17
16628	4	19
16628	5	21
16628	6	24
16628	7	27
16628	8	30
16628	9	34
16628	10	36
16629	1	39
16629	2	43
16629	3	47
16629	4	53
16629	5	57
16629	6	61
16629	7	66
16629	8	73
16629	9	81
16629	10	88
16633	1	15
16633	2	20
16633	3	26
16633	4	33
16633	5	41
16633	6	50
16633	7	60
16633	8	71
16633	9	84
16633	10	89
16870	1	108
16870	2	35
16870	3	36
16870	4	38
16870	5	42
16870	6	46
16870	7	50
16870	8	54
16870	9	58
16870	10	63
17057	1	107
17057	2	45
17057	3	46
17057	4	49
17057	5	52
17057	6	56
17057	7	62
17057	8	70
17057	9	77
17057	10	82
18240	1	105
18322	1	112
18322	2	24
18322	3	26
18322	4	28
18322	5	31
18322	6	35
18322	7	40
18322	8	42
18322	9	46
18322	10	50
18322	11	54
18322	12	59
18322	13	64
18322	14	69
18322	15	74
18322	16	79
18322	17	84
18322	18	89
18333	1	22
18333	2	35
18333	3	45
18333	4	60
18333	5	63
18333	6	66
18333	7	71
18333	8	76
18333	9	81
18333	10	86
18481	1	118
18523	1	112
18579	1	115
18579	1	115
18579	2	115
18579	3	115
18579	4	115
18579	5	115
18579	6	115
18584	1	108
18604	1	113
18640	1	107
18668	1	109
18668	2	109
18668	3	109
18668	4	109
18668	5	109
18668	6	109
18668	7	109
18668	8	109
18668	9	109
18668	10	109
18668	11	109
18668	12	109
18668	13	109
18668	14	109
18668	15	109
18668	16	109
18668	17	109
18668	18	109
18668	19	109
18668	20	109
18668	21	109
18668	22	109
18668	23	109
18668	24	109
18668	25	109
18668	26	109
18668	27	109
18668	28	109
18668	29	109
18668	30	109
18668	31	109
18817	1	15
18817	2	15
18817	3	16
18817	4	17
18817	5	18
18817	6	19
18817	7	20
18817	8	21
18817	9	22
18817	10	24
18817	11	26
18817	12	30
18817	13	33
18817	14	39
18817	15	45
18817	16	52
18817	17	59
18817	18	66
18817	19	76
18817	20	86
19344	1	103
19344	2	18
19344	3	24
19344	4	28
19344	5	32
19344	6	36
19344	7	40
19344	8	44
19344	9	51
19344	10	59
19737	1	100
19737	2	15
19737	3	16
19737	4	17
19737	5	18
19737	6	20
19737	7	22
19737	8	24
19737	9	28
19737	10	30
19737	11	33
19737	12	35
19737	13	38
19737	14	41
19737	15	43
19737	16	46
19737	17	49
19737	18	52
19737	19	55
19737	20	58
19737	21	61
19737	22	63
19737	23	66
19737	24	68
19737	25	70
19737	26	72
19737	27	75
19737	28	78
19737	29	81
19737	30	83
19737	31	85
19818	1	103
19818	2	15
19818	3	16
19818	4	18
19818	5	20
19818	6	22
19818	7	24
19818	8	27
19818	9	31
19818	10	36
19818	11	39
19818	12	42
19818	13	45
19818	14	48
19818	15	51
19818	16	53
19818	17	55
19818	18	57
19818	19	59
19818	20	61
19818	21	63
19818	22	65
19827	1	109
19827	2	23
19827	3	26
19827	4	29
19827	5	33
19827	6	36
19827	7	39
19827	8	42
19827	9	45
19827	10	50
19827	11	54
19827	12	57
19827	13	60
19827	14	63
19827	15	66
19827	16	69
19827	17	71
19827	18	74
19827	19	76
19827	20	79
19827	21	81
19827	22	84
19827	23	86
19827	24	87
19827	25	88
19827	26	89
19827	27	90
19827	28	93
19827	29	95
19827	30	96
19827	31	97
19827	32	98
19828	1	108
19828	2	19
19828	3	21
19828	4	25
19828	5	28
19828	6	32
19828	7	35
19828	8	38
19828	9	41
19828	10	47
19984	1	114
19989	1	95
20012	1	95
20049	1	108
20053	1	101
20053	2	17
20053	3	19
20053	4	23
20053	5	26
20053	6	29
20053	7	34
20053	8	37
20053	9	44
20053	10	50
20053	11	53
20053	12	56
20053	13	59
20053	14	62
20053	15	65
20065	1	77
20082	1	26
20082	2	27
20082	3	31
20082	4	34
20082	5	40
20082	6	44
20082	7	48
20082	8	52
20082	9	56
20082	10	60
20082	11	67
20082	12	72
20082	13	75
20082	14	78
20082	15	82
20083	1	106
20083	2	46
20083	3	49
20083	4	53
20083	5	59
20083	6	64
20083	7	67
20083	8	70
20083	9	73
20083	10	76
20083	11	79
20083	12	82
20083	13	84
20083	14	86
20083	15	88
20084	1	107
20084	2	54
20084	3	57
20084	4	61
20084	5	64
20084	6	68
20084	7	71
20084	8	74
20084	9	77
20084	10	80
20084	11	83
20084	12	85
20084	13	87
20084	14	89
20084	15	90
20245	1	115
20245	2	29
20245	3	31
20245	4	33
20259	1	113
20259	2	32
20259	3	37
20259	4	40
20259	5	43
20259	6	47
20259	7	51
20259	8	55
20259	9	58
20259	10	62
20259	11	65
20259	12	69
20259	13	73
20259	14	77
20259	15	80
20281	1	116
20285	1	110
20569	1	95
20619	1	95
20628	1	95
20649	1	95
20652	1	95
20655	1	95
20658	1	95
20663	1	95
20666	1	95
20670	1	95
20672	1	95
20675	1	95
20715	1	111
20715	2	27
20715	3	31
20715	4	34
20715	5	40
20715	6	44
20715	7	48
20715	8	52
20715	9	56
20715	10	60
20715	11	67
20715	12	72
20715	13	75
20715	14	78
20715	15	82
20732	1	20
20732	2	21
20732	3	25
20732	4	30
20754	1	20
20754	2	21
20754	3	25
20754	4	30
20803	1	105
20803	2	108
20803	3	108
20803	4	108
20803	5	108
20803	6	108
20803	7	108
20803	8	108
20803	9	108
20803	10	108
20803	11	108
20803	12	108
20803	13	108
20803	14	108
20803	15	108
20803	16	108
20803	17	108
20803	18	108
20803	19	108
20803	20	108
20803	21	108
20803	22	108
20804	1	17
20804	2	54
20804	3	57
20804	4	61
20804	5	64
20804	6	68
20804	7	71
20804	8	74
20804	9	77
20804	10	80
20804	11	83
20804	12	85
20804	13	87
20804	14	89
20804	15	90
21024	1	25
21287	1	116
21287	2	64
21287	3	72
21287	4	80
21287	5	88
21820	1	18
21820	2	20
21820	3	24
21820	4	26
21820	5	28
21820	6	30
21820	7	32
21820	8	34
21820	9	36
21820	10	38
21820	11	40
21820	12	43
21820	13	47
21820	14	51
21820	15	55
21820	16	59
21820	17	63
21820	18	67
21820	19	71
21820	20	75
21820	21	79
21820	22	83
21820	23	87
22143	1	100
22143	2	15
22143	3	16
22143	4	17
22143	5	18
22143	6	20
22143	7	22
22143	8	24
22143	9	28
22143	10	30
22143	11	33
22143	12	35
22143	13	38
22143	14	41
22143	15	43
22143	16	46
22143	17	49
22143	18	52
22143	19	55
22143	20	58
22143	21	61
22143	22	63
22143	23	66
22143	24	68
22143	25	70
22143	26	72
22143	27	75
22143	28	78
22143	29	81
22143	30	83
22143	31	85
22144	1	101
22144	2	15
22144	3	16
22144	4	18
22144	5	20
22144	6	22
22144	7	24
22144	8	27
22144	9	31
22144	10	36
22144	11	39
22144	12	42
22144	13	45
22144	14	48
22144	15	51
22144	16	53
22144	17	55
22144	18	57
22144	19	59
22144	20	61
22144	21	63
22144	22	65
22150	1	107
22150	2	21
22150	3	25
22150	4	30
22274	1	103
22320	1	109
22320	2	32
22320	3	37
22320	4	40
22320	5	43
22320	6	47
22320	7	51
22320	8	55
22320	9	58
22320	10	62
22320	11	65
22320	12	69
22320	13	73
22320	14	77
22320	15	80
22321	1	116
22321	2	35
22321	3	36
22321	4	37
22321	5	39
22321	6	42
22321	7	46
22321	8	50
22321	9	54
22321	10	58
22321	11	62
22321	12	66
22321	13	70
22321	14	74
22321	15	78
22321	16	82
22321	17	86
22321	18	90
22327	1	106
22327	2	23
22327	3	26
22327	4	27
22327	5	29
22327	6	31
22327	7	32
22327	8	33
22327	9	34
22327	10	37
22327	11	39
22327	12	40
22327	13	41
22327	14	43
22327	15	44
22327	16	45
22327	17	47
22327	18	48
22327	19	49
22327	20	50
22327	21	51
22327	22	52
22327	23	53
22327	24	56
22327	25	57
22327	26	59
22327	27	60
22327	28	61
22327	29	62
22327	30	63
22327	31	64
22327	32	65
22344	1	113
22358	1	114
22358	2	42
22358	3	45
22358	4	49
22358	5	54
22358	6	60
22358	7	70
22358	8	80
22360	1	115
22361	1	103
22361	2	19
22361	3	21
22361	4	25
22361	5	28
22361	6	32
22361	7	35
22361	8	38
22361	9	41
22361	10	47
22417	1	118
22460	1	108
22460	2	21
22460	3	22
22460	4	23
22460	5	24
22460	6	25
22460	7	26
22460	8	27
22460	9	28
22460	10	29
22460	11	30
22460	12	32
22460	13	34
22460	14	36
22460	15	38
22460	16	40
22460	17	42
22460	18	44
22460	19	46
22460	20	48
22460	21	50
22460	22	52
22460	23	54
22460	24	56
22460	25	58
22460	26	60
22613	1	101
22613	2	15
22613	3	16
22613	4	18
22613	5	20
22613	6	22
22613	7	24
22613	8	27
22613	9	31
22613	10	36
22613	11	39
22613	12	42
22613	13	45
22613	14	48
22613	15	51
22613	16	53
22613	17	55
22613	18	57
22613	19	59
22613	20	61
22613	21	63
22613	22	65
22614	1	111
22616	1	111
22635	1	106
22635	2	23
22635	3	26
22635	4	27
22635	5	29
22635	6	31
22635	7	32
22635	8	33
22635	9	34
22635	10	37
22635	11	39
22635	12	40
22635	13	41
22635	14	43
22635	15	44
22635	16	45
22635	17	47
22635	18	48
22635	19	49
22635	20	50
22635	21	51
22635	22	52
22635	23	53
22635	24	56
22635	25	57
22635	26	59
22635	27	60
22635	28	61
22635	29	62
22635	30	63
22635	31	64
22635	32	65
22647	1	114
22647	2	42
22647	3	45
22647	4	49
22647	5	54
22647	6	60
22647	7	70
22647	8	80
23039	1	100
23946	1	109
23946	2	109
23946	3	109
23946	4	109
23946	5	109
23946	6	109
23946	7	109
23946	8	109
23946	9	109
23946	10	109
23946	11	109
23946	12	109
23946	13	109
23946	14	109
23946	15	109
23946	16	109
23946	17	109
23946	18	109
23946	19	109
23947	1	109
23947	2	109
23947	3	109
23947	4	109
23947	5	109
23947	6	109
23947	7	109
23947	8	109
23947	9	109
23947	10	109
23947	11	109
23947	12	109
23947	13	109
23947	14	109
23947	15	109
23947	16	109
23947	17	109
23947	18	109
23947	19	109
23947	20	109
23947	21	109
23947	22	109
23947	23	109
23947	24	109
24369	1	100
24369	2	100
24369	3	100
24369	4	100
24369	5	100
24369	6	100
24369	7	100
24369	8	100
24369	9	100
24369	10	100
24369	11	100
24369	12	100
24369	13	100
24369	14	100
24369	15	100
24369	16	100
24369	17	100
24371	1	101
24371	2	101
24371	3	101
24371	4	101
24371	5	101
24371	6	101
24371	7	101
24371	8	101
24371	9	101
24371	10	101
24371	11	101
24371	12	101
24371	13	101
24371	14	101
24371	15	101
24371	16	101
24371	17	101
24371	18	101
24372	1	103
24372	2	103
24372	3	103
24372	4	103
24372	5	103
24372	6	103
24372	7	103
24372	8	103
24372	9	103
24372	10	103
24372	11	103
24372	12	103
24372	13	103
24372	14	103
24372	15	103
24372	16	103
24372	17	103
24372	18	103
24372	19	103
24373	1	106
24373	2	106
24373	3	106
24373	4	106
24373	5	106
24374	1	113
24375	1	108
24376	1	108
24377	1	108
24378	1	110
24379	1	111
24379	2	111
24379	3	111
24379	4	111
24379	5	111
24379	6	111
24379	7	111
24379	8	111
24379	9	111
24379	10	111
24379	11	111
24379	12	111
24379	13	111
24379	14	111
24379	15	111
24379	16	111
24379	17	111
24379	18	111
24380	1	114
24382	1	117
24383	1	116
24385	1	118
24431	1	108
24431	2	108
24431	3	108
24431	4	108
24431	5	108
24431	6	108
24431	7	108
24431	8	108
24491	1	109
24890	1	111
24890	2	111
24890	3	111
24890	4	111
24890	5	111
24890	6	111
24890	7	111
24890	8	111
24890	9	111
24890	10	111
24890	11	111
24890	12	111
24890	13	111
24890	14	111
24890	15	111
24890	16	111
24890	17	111
24890	18	111
24890	19	111
24897	1	111
24897	2	35
24897	3	36
24897	4	37
24897	5	38
24897	6	41
24897	7	44
24897	8	47
24897	9	50
24897	10	53
24897	11	57
24897	12	61
24897	13	65
24897	14	69
24897	15	73
24897	16	77
24897	17	81
24897	18	85
24897	19	89
25142	1	112
27033	1	112
27033	2	112
27033	3	112
27033	4	112
27033	5	112
27033	6	112
27033	7	112
27033	8	112
27033	9	112
27033	10	112
27033	11	112
27033	12	112
27033	13	112
27033	14	112
27033	15	112
27034	1	112
27034	2	112
27034	3	112
27034	4	112
27034	5	112
27034	6	112
27034	7	112
27034	8	112
27034	9	112
27034	10	112
27034	11	112
27034	12	112
27034	13	112
27034	14	112
27034	15	112
27528	1	107
27528	2	107
27528	3	107
27528	4	107
27528	5	107
27528	6	107
27528	7	107
27528	8	107
27528	9	107
27528	10	107
27528	11	107
27528	12	107
27528	13	107
27528	14	107
27528	15	107
27536	1	117
27536	2	117
27536	3	117
27536	4	117
27536	5	117
27536	6	117
27536	7	117
27536	8	117
27536	9	117
27536	10	117
27536	11	117
27536	12	117
27536	13	117
27536	14	117
27536	15	117
27551	1	100
27551	2	100
27551	3	100
27551	4	100
27551	5	100
27551	6	100
27551	7	100
27551	8	100
27551	9	100
27551	10	100
27551	11	100
27551	12	100
27551	13	100
27551	14	100
27551	15	100
27551	16	100
27551	17	100
27551	18	100
27551	19	100
27551	20	100
27551	21	100
27551	22	100
27551	23	100
27551	24	100
27551	25	100
27551	26	100
27551	27	100
27551	28	100
27551	29	100
27551	30	100
27551	31	100
27551	32	100
27554	1	101
27554	2	101
27554	3	101
27554	4	101
27554	5	101
27554	6	101
27554	7	101
27554	8	101
27554	9	101
27554	10	101
27556	1	103
27556	2	103
27556	3	103
27556	4	103
27556	5	103
27556	6	103
27556	7	103
27556	8	103
27556	9	103
27556	10	103
27578	1	109
27582	1	113
27582	2	113
27582	3	113
27582	4	113
27582	5	113
27582	6	113
27582	7	113
27582	8	113
27582	9	113
27582	10	113
27582	11	113
27582	12	113
27582	13	113
27582	14	113
27582	15	113
27621	1	106
27621	2	106
27621	3	106
27621	4	106
27621	5	106
27621	6	106
27621	7	106
27621	8	106
27621	9	106
27621	10	106
27621	11	106
27621	12	106
27621	13	106
27621	14	106
27621	15	106
27623	1	110
27623	2	110
27623	3	110
27623	4	110
27623	5	110
27623	6	110
27623	7	110
27623	8	110
27623	9	110
27623	10	110
27623	11	110
27623	12	110
27630	1	113
27630	2	113
27630	3	113
27630	4	113
27630	5	113
27630	6	113
27630	7	113
27630	8	113
27632	1	109
27632	2	109
27632	3	109
27632	4	109
27632	5	109
27632	6	109
27632	7	109
27632	8	109
27632	9	109
27632	10	109
27634	1	114
27635	1	118
27635	2	118
27635	3	118
27635	4	118
27635	5	118
27635	6	118
27635	7	118
27635	8	118
27635	9	118
27635	10	118
27635	11	118
27635	12	118
27635	13	118
27635	14	118
27635	15	118
27635	16	118
27635	17	118
27635	18	118
27635	19	118
27635	20	118
27635	21	118
27635	22	118
27635	23	118
27635	24	118
27635	25	118
27635	26	118
27635	27	118
27635	28	118
27635	29	118
27635	30	118
27635	31	118
27637	1	118
27637	2	118
27637	3	118
27637	4	118
27637	5	118
27637	6	118
27637	7	118
27637	8	118
27637	9	118
27637	10	118
27637	11	118
27637	12	118
27637	13	118
27637	14	118
27637	15	118
27637	16	118
27637	17	118
27637	18	118
27637	19	118
27637	20	118
27637	21	118
27637	22	118
27637	23	118
27637	24	118
27637	25	118
27637	26	118
27637	27	118
27637	28	118
27637	29	118
27637	30	118
27637	31	118
27642	1	115
27650	1	116
27652	1	120
27652	2	120
27652	3	120
27652	4	120
27652	5	120
27652	6	120
27652	7	120
27652	8	120
27652	9	120
27652	10	120
27667	1	119
27669	1	111
27669	2	111
27669	3	111
27669	4	111
27669	5	111
27669	6	111
27669	7	111
27669	8	111
27669	9	111
27669	10	111
27674	1	120
27675	1	114
27897	1	111
28345	1	107
28345	2	107
28345	3	107
28345	4	107
28345	5	107
28345	6	107
28345	7	107
28345	8	107
28345	9	107
28345	10	107
28345	11	107
28345	12	107
28345	13	107
28345	14	107
28345	15	107
28486	1	118
28486	2	118
28486	3	118
28486	4	118
28486	5	118
28486	6	118
28486	7	118
28486	8	118
28486	9	118
28486	10	118
28486	11	118
28486	12	118
28486	13	118
28486	14	118
28486	15	118
28486	16	118
28486	17	118
28486	18	118
28486	19	118
28486	20	118
28486	21	118
28486	22	118
28486	23	118
28486	24	118
28486	25	118
28486	26	118
28486	27	118
28486	28	118
28486	29	118
28486	30	118
28486	31	118
28620	1	119
28620	2	119
28620	3	119
28620	4	119
28620	5	119
28620	6	119
28620	7	119
28620	8	119
28620	9	119
28620	10	119
28647	1	117
28647	2	117
28647	3	117
28647	4	117
28647	5	117
28647	6	117
28647	7	117
28647	8	117
28647	9	117
28647	10	117
28647	11	117
28647	12	117
28647	13	117
28647	14	117
28647	15	117
29500	1	100
29500	2	100
29500	3	100
29500	4	100
29500	5	100
29500	6	100
29500	7	100
29500	8	100
29500	9	100
29500	10	100
29500	11	100
29500	12	100
29500	13	100
29500	14	100
29500	15	100
29500	16	100
29500	17	100
29500	18	100
29500	19	100
29500	20	100
29500	21	100
29500	22	100
29500	23	100
29500	24	100
29500	25	100
29500	26	100
29500	27	100
29500	28	100
29500	29	100
29500	30	100
29500	31	100
29500	32	100
29966	1	118
29966	2	118
29966	3	118
29966	4	118
29966	5	118
29966	6	118
29966	7	118
29966	8	118
29966	9	118
29966	10	118
29966	11	118
29966	12	118
29966	13	118
29966	14	118
29966	15	118
29966	16	118
29966	17	118
29966	18	118
29966	19	118
29966	20	118
29966	21	118
29966	22	118
29966	23	118
29966	24	118
29966	25	118
29966	26	118
29966	27	118
29966	28	118
29966	29	118
29966	30	118
29966	31	118
31862	1	119
32132	1	100
32132	2	15
32132	3	18
32132	4	20
32132	5	21
32132	6	23
32132	7	25
32132	8	27
32132	9	29
32132	10	31
32132	11	33
32132	12	35
32132	13	37
32132	14	39
32132	15	41
32132	16	43
32132	17	45
32132	18	47
32132	19	49
32132	20	53
32132	21	57
32132	22	60
32132	23	62
32132	24	64
32132	25	67
32132	26	69
32132	27	72
32132	28	74
32132	29	76
32132	30	80
32133	1	101
32133	2	101
32133	3	101
32133	4	101
32133	5	101
32133	6	101
32133	7	101
32133	8	101
32133	9	101
32133	10	101
32133	11	101
32133	12	101
32133	13	101
32133	14	101
32133	15	101
32133	16	101
32133	17	101
32133	18	101
32133	19	101
32133	20	101
32133	21	101
32133	22	101
32133	23	101
32133	24	101
32133	25	101
32134	1	106
32134	2	18
32134	3	21
32134	4	28
32134	5	37
32135	1	107
32135	2	19
32135	3	24
32135	4	30
32135	5	39
32135	6	45
32135	7	51
32135	8	61
32135	9	71
32135	10	78
32135	11	82
32135	12	86
32135	13	91
32135	14	97
32140	1	113
32142	1	108
32143	1	17
32143	2	19
32143	3	22
32143	4	27
32143	5	33
32143	6	35
32143	7	40
32143	8	43
32143	9	46
32143	10	50
32143	11	54
32143	12	57
32143	13	62
32143	14	65
32143	15	69
32143	16	71
32143	17	74
32143	18	77
32143	19	79
32143	20	81
32143	21	84
32143	22	86
32143	23	89
32143	24	91
32143	25	94
32144	1	110
32144	2	21
32144	3	26
32144	4	32
32144	5	36
32144	6	42
32144	7	45
32144	8	48
32144	9	51
32144	10	54
32144	11	58
32144	12	63
32144	13	69
32144	14	72
32144	15	75
32144	16	78
32144	17	82
32145	1	107
32145	2	19
32145	3	25
32145	4	31
32145	5	41
32145	6	49
32145	7	54
32145	8	64
32145	9	73
32145	10	79
32145	11	85
32145	12	90
32146	1	103
32146	2	17
32146	3	20
32146	4	22
32146	5	26
32146	6	28
32146	7	30
32146	8	32
32146	9	34
32146	10	36
32146	11	38
32146	12	40
32146	13	42
32146	14	44
32146	15	46
32146	16	47
32146	17	49
32146	18	52
32146	19	55
32146	20	56
32146	21	58
32146	22	60
32146	23	62
32146	24	65
32146	25	68
32146	26	70
32146	27	73
32147	1	120
32148	1	114
32174	1	111
32174	2	17
32174	3	30
32174	4	38
32174	5	52
32174	6	59
32419	1	112
32419	2	24
32419	3	33
32419	4	41
32601	1	109
32601	2	19
32601	3	22
32601	4	27
32601	5	33
32601	6	35
32601	7	40
32601	8	43
32601	9	46
32601	10	50
32601	11	54
32601	12	57
32601	13	62
32601	14	65
32601	15	69
32601	16	71
32601	17	74
32601	18	77
32601	19	79
32601	20	81
32601	21	84
32601	22	86
32601	23	89
32601	24	91
32601	25	94
35276	1	109
35659	1	100
35660	1	103
35661	1	101
35662	1	106
35665	1	106
35669	1	100
35670	1	107
35671	1	108
35680	1	120
35681	1	120
35682	1	112
35683	1	114
35684	1	120
35695	1	109
35696	1	110
35697	1	113
36158	1	115
36276	1	106
