SkillID	SkillLevel	OpenLevel
35	1	100
81	1	28
100	1	44
101	1	15
101	2	16
101	3	17
101	4	18
101	5	19
101	6	20
101	7	21
101	8	22
101	9	23
101	10	24
101	11	26
101	12	29
101	13	32
101	14	35
101	15	38
101	16	41
101	17	44
101	18	47
101	19	50
101	20	54
101	21	58
101	22	62
101	23	66
101	24	70
101	25	74
101	26	78
101	27	82
101	28	86
101	29	90
130	1	40
130	2	42
130	3	45
130	4	50
130	5	60
130	6	70
130	7	80
130	8	90
131	1	26
132	1	18
132	2	18
132	3	32
132	4	44
132	5	56
132	6	68
132	7	80
133	1	38
134	1	26
136	1	52
138	1	15
138	2	16
138	3	17
138	4	18
138	5	19
138	6	20
138	7	21
138	8	22
138	9	23
138	10	24
138	11	27
138	12	30
138	13	33
138	14	36
138	15	39
138	16	42
138	17	45
138	18	48
138	19	51
138	20	55
138	21	59
138	22	63
138	23	67
138	24	71
138	25	75
138	26	79
138	27	83
138	28	87
139	1	34
139	2	40
139	3	52
139	4	72
139	5	89
140	1	14
140	2	20
140	3	28
140	4	33
140	5	38
140	6	43
140	7	48
140	8	53
140	9	58
140	10	63
140	11	68
140	12	73
140	13	78
140	14	83
140	15	88
142	1	22
142	2	23
142	3	24
142	4	25
142	5	26
142	6	27
142	7	28
142	8	29
142	9	30
142	10	21
142	11	32
142	12	33
142	13	34
142	14	35
142	15	37
142	16	40
142	17	43
142	18	46
142	19	49
142	20	52
142	21	56
142	22	60
142	23	64
142	24	68
142	25	72
142	26	76
142	27	80
142	28	84
142	29	88
179	1	1
179	2	5
179	3	15
179	4	17
179	5	18
179	6	19
179	7	20
179	8	21
179	9	22
179	10	24
179	11	27
179	12	30
179	13	33
179	14	36
179	15	39
179	16	42
179	17	45
179	18	48
179	19	51
179	20	55
179	21	59
179	22	63
179	23	67
179	24	71
179	25	75
179	26	79
179	27	83
179	28	87
180	1	15
180	2	16
180	3	17
180	4	18
180	5	19
180	6	20
180	7	21
180	8	22
180	9	23
180	10	24
180	11	26
180	12	29
180	13	32
180	14	35
180	15	38
180	16	41
180	17	44
180	18	47
180	19	50
180	20	54
180	21	58
180	22	62
180	23	66
180	24	70
180	25	74
180	26	78
180	27	82
180	28	86
180	29	90
182	1	15
182	2	16
182	3	17
182	4	18
182	5	19
182	6	20
182	7	21
182	8	22
182	9	23
182	10	24
182	11	25
182	12	28
182	13	31
182	14	34
182	15	37
182	16	40
182	17	43
182	18	46
182	19	49
182	20	52
182	21	56
182	22	60
182	23	64
182	24	68
182	25	72
182	26	76
182	27	80
182	28	84
182	29	88
183	1	34
184	1	44
184	2	54
184	3	64
184	4	70
186	1	15
186	2	28
186	3	48
186	4	68
189	1	14
189	2	16
189	3	17
189	4	21
189	5	25
189	6	29
189	7	33
189	8	37
189	9	41
189	10	45
189	11	49
189	12	53
189	13	57
189	14	60
189	15	63
189	16	67
189	17	70
189	18	73
189	19	76
189	20	79
189	21	82
189	22	85
189	23	88
189	24	90
190	1	22
190	2	26
190	3	22
190	4	35
190	5	38
190	6	41
190	7	44
190	8	47
190	9	50
190	10	53
190	11	57
190	12	61
190	13	65
190	14	69
190	15	73
190	16	77
190	17	81
190	18	85
190	19	89
200	1	40
200	2	42
200	3	45
200	4	50
200	5	60
200	6	70
200	7	80
200	8	90
200	9	96
200	10	110
228	1	30
228	2	32
228	3	35
228	4	50
228	5	65
228	6	80
232	1	1
232	2	5
232	3	11
232	4	12
232	5	13
232	6	14
232	7	15
232	8	18
232	9	19
232	10	24
232	11	27
232	12	30
232	13	33
232	14	36
232	15	39
232	16	42
232	17	45
232	18	48
232	19	51
232	20	55
232	21	59
232	22	63
232	23	67
232	24	71
232	25	75
232	26	79
232	27	83
232	28	87
233	1	15
233	2	16
233	3	17
233	4	18
233	5	19
233	6	20
233	7	21
233	8	22
233	9	23
233	10	24
233	11	27
233	12	30
233	13	32
233	14	35
233	15	38
233	16	41
233	17	44
233	18	47
233	19	50
233	20	54
233	21	58
233	22	62
233	23	66
233	24	70
233	25	74
233	26	78
233	27	82
233	28	86
233	29	90
235	1	15
235	2	16
235	3	17
235	4	18
235	5	19
235	6	20
235	7	21
235	8	22
235	9	23
235	10	24
235	11	25
235	12	28
235	13	31
235	14	34
235	15	37
235	16	40
235	17	43
235	18	46
235	19	49
235	20	52
235	21	56
235	22	60
235	23	64
235	24	68
235	25	72
235	26	76
235	27	80
235	28	84
235	29	88
236	1	15
236	2	23
236	3	33
236	4	52
236	5	71
236	6	89
238	1	14
238	2	17
238	3	20
238	4	23
238	5	26
238	6	29
238	7	32
238	8	35
238	9	38
238	10	41
238	11	44
238	12	47
238	13	52
238	14	54
238	15	58
238	16	62
238	17	66
238	18	70
238	19	74
238	20	78
238	21	82
238	22	86
238	23	90
239	1	38
239	2	46
239	3	54
239	4	62
239	5	70
240	1	34
240	2	44
240	3	54
240	4	64
241	1	10
241	2	15
241	3	16
241	4	17
241	5	18
241	6	19
241	7	20
241	8	21
241	9	22
241	10	23
241	11	25
241	12	28
241	13	31
241	14	34
241	15	37
241	16	40
241	17	43
241	18	46
241	19	49
241	20	52
241	21	56
241	22	60
241	23	64
241	24	68
241	25	72
241	26	76
241	27	80
241	28	84
241	29	88
242	1	34
243	1	22
243	2	26
243	3	32
243	4	35
243	5	38
243	6	41
243	7	44
243	8	47
243	9	50
243	10	53
243	11	57
243	12	61
243	13	65
243	14	69
243	15	73
243	16	77
243	17	81
243	18	85
243	19	89
245	1	48
245	2	78
245	3	79
245	4	80
245	5	81
245	6	82
246	1	18
246	2	30
246	3	42
246	4	54
246	5	66
246	6	78
247	1	28
247	2	38
247	3	48
247	4	58
247	5	68
249	1	40
249	2	50
249	3	60
249	4	70
252	1	18
252	2	28
252	3	55
257	1	56
258	1	44
259	1	34
259	2	44
260	1	26
261	1	52
261	2	56
261	3	64
261	4	84
301	1	5
301	2	5
301	3	10
301	4	17
301	5	18
301	6	19
301	7	20
301	8	21
301	9	22
301	10	23
301	11	24
301	12	25
301	13	26
301	14	27
301	15	28
301	16	29
301	17	30
301	18	33
301	19	36
301	20	39
301	21	42
301	22	45
301	23	48
301	24	51
301	25	54
301	26	57
301	27	60
301	28	63
301	29	66
301	30	69
301	31	73
301	32	77
301	33	81
301	34	85
301	35	89
303	1	15
303	2	20
303	3	28
303	4	30
303	5	32
303	6	35
303	7	38
303	8	41
303	9	44
303	10	47
303	11	50
303	12	53
303	13	56
303	14	59
303	15	62
303	16	65
303	17	68
303	18	71
303	19	75
303	20	79
303	21	83
303	22	87
305	1	56
305	2	62
305	3	63
306	1	14
306	2	15
306	3	16
306	4	17
306	5	18
306	6	19
306	7	20
306	8	21
306	9	22
306	10	23
306	11	24
306	12	25
306	13	28
306	14	30
306	15	32
306	16	35
306	17	38
306	18	41
306	19	44
306	20	47
306	21	50
306	22	53
306	23	56
306	24	59
306	25	62
306	26	65
306	27	68
306	28	72
306	29	76
306	30	80
306	31	84
306	32	88
309	1	15
309	2	16
309	3	17
309	4	18
309	5	19
309	6	20
309	7	21
309	8	22
309	9	23
309	10	24
309	11	25
309	12	26
309	13	28
309	14	30
309	15	32
309	16	35
309	17	38
309	18	41
309	19	44
309	20	47
309	21	50
309	22	53
309	23	56
309	24	59
309	25	62
309	26	65
309	27	68
309	28	72
309	29	76
309	30	80
309	31	84
309	32	88
311	1	15
311	2	16
311	3	17
311	4	18
311	5	19
311	6	20
311	7	21
311	8	22
311	9	23
311	10	25
311	11	27
311	12	29
311	13	31
311	14	34
311	15	37
311	16	40
311	17	43
311	18	46
311	19	49
311	20	52
311	21	55
311	22	58
311	23	61
311	24	64
311	25	67
311	26	70
311	27	74
311	28	78
311	29	82
311	30	86
311	31	90
312	1	14
312	2	16
312	3	19
312	4	23
312	5	28
312	6	36
312	7	46
312	8	56
312	9	66
312	10	76
313	1	44
346	1	30
346	2	31
346	3	32
346	4	34
346	5	36
346	6	40
346	7	50
346	8	60
346	9	70
346	10	80
355	1	56
357	1	44
358	1	18
359	1	40
362	1	40
363	1	52
364	1	2
364	2	5
364	3	17
364	4	18
364	5	19
364	6	20
364	7	21
364	8	22
364	9	23
364	10	24
364	11	25
364	12	26
364	13	27
364	14	29
364	15	31
364	16	34
364	17	37
364	18	40
364	19	43
364	20	46
364	21	49
364	22	52
364	23	55
364	24	58
364	25	61
364	26	64
364	27	67
364	28	70
364	29	74
364	30	78
364	31	82
364	32	86
364	33	90
365	1	15
365	2	16
365	3	17
365	4	18
365	5	19
365	6	20
365	7	21
365	8	22
365	9	23
365	10	24
365	11	25
365	12	26
365	13	27
365	14	28
365	15	29
365	16	30
365	17	31
365	18	33
365	19	36
365	20	39
365	21	42
365	22	45
365	23	48
365	24	51
365	25	54
365	26	57
365	27	60
365	28	63
365	29	66
365	30	69
365	31	73
365	32	77
365	33	81
365	34	85
365	35	89
366	1	15
367	1	1
367	2	5
367	3	16
367	4	17
367	5	18
367	6	19
367	7	20
367	8	21
367	9	22
367	10	23
367	11	24
367	12	25
367	13	27
367	14	29
367	15	31
367	16	34
367	17	37
367	18	40
367	19	43
367	20	46
367	21	49
367	22	52
367	23	55
367	24	58
367	25	61
367	26	64
367	27	67
367	28	70
367	29	74
367	30	78
367	31	82
367	32	86
367	33	90
368	1	15
368	2	16
368	3	17
368	4	18
368	5	19
368	6	20
368	7	21
368	8	22
368	9	23
368	10	25
368	11	27
368	12	29
368	13	31
368	14	34
368	15	37
368	16	40
368	17	43
368	18	46
368	19	49
368	20	52
368	21	55
368	22	58
368	23	61
368	24	64
368	25	67
368	26	70
368	27	74
368	28	78
368	29	82
368	30	86
368	31	89
369	1	32
369	2	40
369	3	48
369	4	56
369	5	64
370	1	34
371	1	48
372	1	34
400	1	1
400	2	5
400	3	15
400	4	17
400	5	18
400	6	19
400	7	20
400	8	21
400	9	22
400	10	24
400	11	27
400	12	30
400	13	33
400	14	36
400	15	39
400	16	42
400	17	45
400	18	48
400	19	51
400	20	55
400	21	59
400	22	63
400	23	67
400	24	71
400	25	75
400	26	79
400	27	83
400	28	87
402	1	24
402	2	32
402	3	40
402	4	48
402	5	56
402	6	64
403	1	14
403	2	15
403	3	16
403	4	17
403	5	18
403	6	19
403	7	20
403	8	21
403	9	22
403	10	23
403	11	24
403	12	29
403	13	32
403	14	35
403	15	38
403	16	41
403	17	44
403	18	47
403	19	50
403	20	54
403	21	58
403	22	62
403	23	66
403	24	70
403	25	74
403	26	78
403	27	82
403	28	86
403	29	90
403	30	94
404	1	40
404	2	42
404	3	45
404	4	50
404	5	60
404	6	70
404	7	80
404	8	90
412	1	26
413	1	44
415	1	15
415	2	15
415	3	16
415	4	17
415	5	18
415	6	19
415	7	20
415	8	21
415	9	22
415	10	23
415	11	25
415	12	28
415	13	31
415	14	34
415	15	37
415	16	40
415	17	43
415	18	46
415	19	49
415	20	52
415	21	56
415	22	60
415	23	64
415	24	68
415	25	72
415	26	76
415	27	80
415	28	84
415	29	90
418	1	22
418	2	25
418	3	40
418	4	55
418	5	70
418	6	86
422	1	52
422	2	64
422	3	72
422	4	80
422	5	88
423	1	34
423	2	35
423	3	36
423	4	37
423	5	38
423	6	41
423	7	44
423	8	47
423	9	50
423	10	53
423	11	57
423	12	61
423	13	65
423	14	69
423	15	73
423	16	77
423	17	81
423	18	85
423	19	89
424	1	30
424	2	35
424	3	41
424	4	50
424	5	75
424	6	89
426	1	60
427	1	15
427	2	16
427	3	18
427	4	21
427	5	25
427	6	30
427	7	36
427	8	38
427	9	40
427	10	42
427	11	44
427	12	46
427	13	48
427	14	50
427	15	52
427	16	54
427	17	56
427	18	58
427	19	60
427	20	62
427	21	64
427	22	66
427	23	68
427	24	70
427	25	72
427	26	76
427	27	80
427	28	84
427	29	88
428	1	48
428	2	50
428	3	52
428	4	56
428	5	64
428	6	76
428	7	88
433	1	56
441	1	38
441	2	48
441	3	58
441	4	68
442	1	18
442	2	28
442	3	32
442	4	48
442	5	64
442	6	80
480	1	15
482	1	34
482	2	42
482	3	50
482	4	58
482	5	66
498	1	30
498	2	35
498	3	42
498	4	50
498	5	65
498	6	80
537	1	15
537	2	16
537	3	20
537	4	30
537	5	40
537	6	55
537	7	75
544	1	15
544	2	28
544	3	48
544	4	68
545	1	40
545	2	42
545	3	44
545	4	46
545	5	50
545	6	60
545	7	70
545	8	80
545	9	96
545	10	110
546	1	22
547	1	34
547	2	42
547	3	50
547	4	58
547	5	66
548	1	26
548	2	36
548	3	46
548	4	56
548	5	66
549	1	28
549	2	40
549	3	52
549	4	64
550	1	52
550	2	56
550	3	63
550	4	78
550	5	88
551	1	56
553	1	15
553	2	16
553	3	17
553	4	18
553	5	19
553	6	20
553	7	21
553	8	22
553	9	23
553	10	25
553	11	26
553	12	28
553	13	29
553	14	31
553	15	32
553	16	34
553	17	35
553	18	38
553	19	41
553	20	44
553	21	47
553	22	50
553	23	54
553	24	58
553	25	62
553	26	66
553	27	70
553	28	74
553	29	78
553	30	82
553	31	86
553	32	90
554	1	14
554	2	15
554	3	16
554	4	17
554	5	18
554	6	19
554	7	20
554	8	21
554	9	22
554	10	24
554	11	27
554	12	30
554	13	33
554	14	36
554	15	39
554	16	42
554	17	45
554	18	48
554	19	51
554	20	55
554	21	59
554	22	63
554	23	67
554	24	71
554	25	75
554	26	79
554	27	83
554	28	87
554	29	90
555	1	22
555	2	23
555	3	24
555	4	25
555	5	26
555	6	27
555	7	28
555	8	29
555	9	30
555	10	31
555	11	32
555	12	33
555	13	34
555	14	35
555	15	36
555	16	37
555	17	38
555	18	39
555	19	41
555	20	44
555	21	47
555	22	50
555	23	54
555	24	58
555	25	62
555	26	66
555	27	70
555	28	74
555	29	78
555	30	82
555	31	86
555	32	90
556	1	14
556	2	25
556	3	40
556	4	56
556	5	74
556	6	82
557	1	18
558	1	48
558	2	48
559	1	36
559	2	38
559	3	40
559	4	42
559	5	44
559	6	46
559	7	48
559	8	50
559	9	52
559	10	54
559	11	56
559	12	58
559	13	60
559	14	62
559	15	64
559	16	66
559	17	68
559	18	70
559	19	72
559	20	74
559	21	76
559	22	78
559	23	80
559	24	82
559	25	84
559	26	86
559	27	88
561	1	14
561	2	15
561	3	16
561	4	17
561	5	18
561	6	19
561	7	20
561	8	21
561	9	22
561	10	23
561	11	28
561	12	31
561	13	34
561	14	37
561	15	40
561	16	43
561	17	46
561	18	49
561	19	53
561	20	57
561	21	61
561	22	65
561	23	69
561	24	73
561	25	77
561	26	81
561	27	85
561	28	89
562	1	16
562	2	17
562	3	18
562	4	19
562	5	20
562	6	21
562	7	22
562	8	23
562	9	24
562	10	25
562	11	26
562	12	28
562	13	31
562	14	34
562	15	37
562	16	40
562	17	43
562	18	46
562	19	49
562	20	53
562	21	57
562	22	61
562	23	65
562	24	69
562	25	73
562	26	77
562	27	81
562	28	85
562	29	89
563	1	44
563	2	64
564	1	29
564	2	38
564	3	50
564	4	56
564	5	62
564	6	68
564	7	70
565	1	15
565	2	15
565	3	16
565	4	17
565	5	18
565	6	19
565	7	20
565	8	21
565	9	22
565	10	24
565	11	27
565	12	30
565	13	33
565	14	36
565	15	39
565	16	42
565	17	45
565	18	48
565	19	51
565	20	55
565	21	59
565	22	63
565	23	67
565	24	71
565	25	75
565	26	79
565	27	83
565	28	87
566	1	42
566	2	62
567	1	40
567	2	46
567	3	52
567	4	58
567	5	64
567	6	70
567	7	78
568	1	26
568	2	28
568	3	35
568	4	51
569	1	15
569	2	16
569	3	17
569	4	18
569	5	19
569	6	20
569	7	21
569	8	22
569	9	23
569	10	24
569	11	25
569	12	28
569	13	31
569	14	34
569	15	37
569	16	40
569	17	43
569	18	46
569	19	49
569	20	53
569	21	57
569	22	61
569	23	65
569	24	69
569	25	73
569	26	77
569	27	81
569	28	85
573	1	36
574	1	44
574	2	44
574	3	58
574	4	72
575	1	30
575	2	32
575	3	35
575	4	50
575	5	75
575	6	89
588	1	34
588	2	35
588	3	36
588	4	37
588	5	38
588	6	39
588	7	40
588	8	41
588	9	44
588	10	47
588	11	50
588	12	53
588	13	56
588	14	59
588	15	62
588	16	65
588	17	68
588	18	71
588	19	75
588	20	79
588	21	83
588	22	87
605	1	24
605	1	24
605	1	24
605	1	24
605	1	24
605	1	24
605	1	24
605	1	24
1577	1	18
1578	1	19
1578	2	21
1578	3	22
1578	4	23
1578	5	24
1578	6	25
1578	7	26
1578	8	27
1578	9	28
1578	10	29
1578	11	30
1578	12	33
1578	13	36
1578	14	39
1578	15	42
1578	16	45
1578	17	48
1578	18	51
1578	19	55
1578	20	59
1578	21	64
1578	22	69
1578	23	74
1578	24	79
1578	25	84
1578	26	89
1579	1	1
1579	2	5
1579	3	10
1579	4	15
1579	5	18
1579	6	19
1579	7	20
1579	8	21
1579	9	22
1579	10	23
1579	11	24
1579	12	25
1579	13	27
1579	14	29
1579	15	31
1579	16	33
1579	17	35
1579	18	37
1579	19	39
1579	20	41
1579	21	43
1579	22	45
1579	23	47
1579	24	49
1579	25	51
1579	26	56
1579	27	61
1579	28	66
1579	29	71
1579	30	76
1579	31	81
1579	32	86
1580	1	30
1581	1	19
1581	2	21
1581	3	22
1581	4	23
1581	5	24
1581	6	25
1581	7	26
1581	8	27
1581	9	28
1581	10	29
1581	11	30
1581	12	33
1581	13	36
1581	14	39
1581	15	42
1581	16	45
1581	17	48
1581	18	51
1581	19	55
1581	20	59
1581	21	64
1581	22	69
1581	23	74
1581	24	79
1581	25	84
1581	26	89
1589	1	34
1589	2	42
1589	3	52
1589	4	53
1589	5	54
1589	6	58
1589	7	61
1589	8	65
1589	9	70
1589	10	75
1589	11	80
1589	12	85
1589	13	90
1593	1	14
1593	2	17
1593	3	20
1593	4	25
1593	5	30
1593	6	35
1593	7	40
1593	8	45
1593	9	50
1593	10	55
1593	11	60
1593	12	65
1593	13	70
1593	14	75
1593	15	80
1593	16	87
1600	1	15
1600	2	16
1600	3	17
1600	4	18
1600	5	19
1600	6	20
1600	7	21
1600	8	22
1600	9	23
1600	10	24
1600	11	25
1600	12	26
1600	13	27
1600	14	29
1600	15	32
1600	16	35
1600	17	38
1600	18	41
1600	19	44
1600	20	47
1600	21	50
1600	22	55
1600	23	60
1600	24	65
1600	25	70
1600	26	75
1600	27	80
1600	28	85
1613	1	48
1645	1	22
1645	2	35
1645	3	45
1645	4	60
1645	5	63
1645	6	66
1645	7	71
1645	8	76
1645	9	81
1645	10	86
1646	1	5
1646	2	8
1646	3	10
1646	4	12
1646	5	15
1646	6	19
1646	7	20
1646	8	21
1646	9	22
1646	10	23
1646	11	24
1646	12	25
1646	13	26
1646	14	28
1646	15	30
1646	16	32
1646	17	34
1646	18	36
1646	19	38
1646	20	40
1646	21	42
1646	22	44
1646	23	46
1646	24	48
1646	25	50
1646	26	52
1646	27	57
1646	28	62
1646	29	67
1646	30	72
1646	31	77
1646	32	82
1646	33	87
1647	1	36
1649	1	15
1655	1	44
1656	1	15
1663	1	26
1666	1	40
1666	2	42
1666	3	45
1666	4	49
1666	5	54
1666	6	60
1666	7	70
1666	8	80
1667	1	40
1667	2	46
1667	3	52
1667	4	58
1667	5	64
1667	6	70
1668	1	56
1668	2	56
1668	3	56
1668	4	56
1668	5	56
1940	1	42
2209	1	1
2209	2	5
2209	3	7
2209	4	17
2209	5	18
2209	6	19
2209	7	20
2209	8	21
2209	9	22
2209	10	23
2209	11	24
2209	12	25
2209	13	27
2209	14	29
2209	15	31
2209	16	33
2209	17	35
2209	18	37
2209	19	39
2209	20	43
2209	21	47
2209	22	51
2209	23	55
2209	24	59
2209	25	63
2209	26	67
2209	27	71
2209	28	75
2209	29	79
2209	30	83
2209	31	87
2210	1	41
2210	2	42
2210	3	43
2210	4	46
2210	5	48
2210	6	50
2210	7	52
2210	8	54
2210	9	56
2210	10	58
2210	11	60
2210	12	62
2210	13	64
2210	14	66
2210	15	68
2210	16	70
2210	17	72
2210	18	74
2210	19	76
2210	20	78
2210	21	80
2210	22	82
2210	23	84
2210	24	86
2210	25	88
2210	26	90
2211	1	15
2211	2	15
2211	3	16
2211	4	17
2211	5	18
2211	6	19
2211	7	20
2211	8	21
2211	9	22
2211	10	23
2211	11	24
2211	12	25
2211	13	26
2211	14	28
2211	15	30
2211	16	32
2211	17	34
2211	18	36
2211	19	38
2211	20	40
2211	21	44
2211	22	48
2211	23	52
2211	24	56
2211	25	60
2211	26	64
2211	27	68
2211	28	72
2211	29	76
2211	30	80
2211	31	84
2211	32	88
2212	1	15
2212	2	16
2212	3	17
2212	4	18
2212	5	19
2212	6	20
2212	7	21
2212	8	22
2212	9	23
2212	10	24
2212	11	25
2212	12	26
2212	13	27
2212	14	28
2212	15	29
2212	16	30
2212	17	31
2212	18	33
2212	19	35
2212	20	37
2212	21	39
2212	22	41
2212	23	45
2212	24	49
2212	25	53
2212	26	57
2212	27	61
2212	28	65
2212	29	69
2212	30	73
2212	31	77
2212	32	81
2212	33	85
2212	34	89
2213	1	18
2213	2	20
2213	3	24
2213	4	26
2213	5	28
2213	6	30
2213	7	32
2213	8	34
2213	9	36
2213	10	38
2213	11	40
2213	12	43
2213	13	47
2213	14	51
2213	15	55
2213	16	59
2213	17	63
2213	18	67
2213	19	71
2213	20	75
2213	21	79
2213	22	83
2213	23	87
2214	1	15
2215	1	40
2216	1	36
2217	1	37
2217	2	38
2217	3	46
2217	4	56
2217	5	66
2217	6	76
2218	1	28
2220	1	64
2221	1	52
2222	1	34
2223	1	14
2224	1	56
2225	1	22
2226	1	25
2227	1	66
2228	1	30
2229	1	34
2230	1	48
2231	1	15
2231	2	25
2231	3	35
2231	4	55
2231	5	75
2232	1	15
2232	2	16
2232	3	17
2232	4	18
2232	5	19
2232	6	20
2232	7	21
2232	8	22
2232	9	23
2232	10	24
2232	11	25
2232	12	26
2232	13	27
2232	14	29
2232	15	31
2232	16	33
2232	17	35
2232	18	37
2232	19	39
2232	20	43
2232	21	47
2232	22	51
2232	23	55
2232	24	59
2232	25	63
2232	26	67
2232	27	71
2232	28	75
2232	29	79
2232	30	83
2232	31	87
2233	1	15
2233	2	16
2233	3	17
2233	4	18
2233	5	19
2233	6	20
2233	7	21
2233	8	22
2233	9	23
2233	10	24
2233	11	25
2233	12	26
2233	13	27
2233	14	28
2233	15	30
2233	16	32
2233	17	34
2233	18	36
2233	19	38
2233	20	40
2233	21	44
2233	22	48
2233	23	52
2233	24	56
2233	25	60
2233	26	64
2233	27	68
2233	28	72
2233	29	76
2233	30	80
2233	31	84
2233	32	88
2234	1	42
2235	1	40
2563	1	66
2572	1	14
2572	2	15
2572	3	17
2572	4	20
2572	5	30
2572	6	40
2572	7	50
2572	8	60
2572	9	70
2572	10	80
2572	1	14
2572	2	15
2572	3	17
2572	4	20
2572	5	30
2572	6	40
2572	7	50
2572	8	60
2572	9	70
2572	10	80
2581	1	58
2589	1	62
2603	1	58
2636	1	15
2636	2	16
2636	3	17
2636	4	18
2636	5	19
2636	6	20
2636	7	21
2636	8	22
2636	9	23
2636	10	24
2636	11	25
2636	12	28
2636	13	31
2636	14	34
2636	15	37
2636	16	40
2636	17	43
2636	18	46
2636	19	49
2636	20	52
2636	21	56
2636	22	60
2636	23	64
2636	24	68
2636	25	72
2636	26	76
2636	27	80
2636	28	84
2636	29	88
2645	1	48
2654	1	71
2663	1	48
2674	1	52
2674	2	53
2674	3	54
2674	4	55
2674	5	56
2674	6	57
2674	7	58
2674	8	59
2674	9	60
2674	10	64
2674	11	68
2674	12	73
2674	13	77
2674	14	81
2674	15	85
2674	16	89
2681	1	26
2690	1	48
2699	1	19
2699	2	23
2699	3	27
2699	4	32
2699	5	39
2699	6	48
2699	7	52
2699	8	56
2699	9	60
2699	10	64
2699	11	68
2699	12	73
2699	13	77
2699	14	81
2699	15	85
2699	16	89
2707	1	1
2707	2	5
2707	3	17
2707	4	18
2707	5	19
2707	6	20
2707	7	21
2707	8	22
2707	9	23
2707	10	24
2707	11	25
2707	12	30
2707	13	33
2707	14	36
2707	15	39
2707	16	42
2707	17	45
2707	18	48
2707	19	51
2707	20	55
2707	21	59
2707	22	63
2707	23	67
2707	24	71
2707	25	75
2707	26	79
2707	27	83
2707	28	87
2716	1	15
2716	2	18
2716	3	21
2716	4	25
2716	5	29
2716	6	33
2716	7	37
2716	8	41
2716	9	45
2716	10	49
2716	11	53
2716	12	57
2716	13	61
2716	14	65
2716	15	69
2716	16	73
2716	17	77
2716	18	81
2750	1	66
2957	1	19
2957	2	22
2957	3	23
2957	4	24
2957	5	25
2957	6	26
2957	7	27
2957	8	28
2957	9	29
2957	10	30
2957	11	31
2957	12	32
2957	13	33
2957	14	34
2957	15	35
2957	16	36
2957	17	37
2957	18	38
2957	19	39
2957	20	40
2957	21	41
2957	22	43
2957	23	45
2957	24	49
2957	25	53
2957	26	57
2957	27	61
2957	28	65
2957	29	69
2957	30	73
2957	31	77
2957	32	81
2957	33	85
2957	34	89
2965	1	60
3003	1	34
3087	1	28
3087	2	29
3087	3	30
3087	4	31
3087	5	34
3087	6	37
3087	7	41
3087	8	45
3087	9	49
3087	10	53
3087	11	57
3087	12	61
3087	13	65
3087	14	69
3087	15	73
3087	16	77
3087	17	81
3087	18	85
3087	19	89
3089	1	15
3090	1	48
3091	1	14
3093	1	18
3093	2	19
3093	3	20
3093	4	21
3093	5	22
3093	6	23
3093	7	24
3093	8	25
3093	9	26
3093	10	27
3093	11	28
3093	12	29
3093	13	32
3093	14	35
3093	15	38
3093	16	42
3093	17	46
3093	18	50
3093	19	54
3093	20	58
3093	21	62
3093	22	66
3093	23	70
3093	24	74
3093	25	78
3093	26	82
3093	27	86
3093	28	90
3094	1	26
3095	1	1
3095	2	5
3095	3	15
3095	4	18
3095	5	19
3095	6	20
3095	7	21
3095	8	22
3095	9	23
3095	10	24
3095	11	25
3095	12	27
3095	13	30
3095	14	33
3095	15	36
3095	16	39
3095	17	43
3095	18	47
3095	19	51
3095	20	55
3095	21	59
3095	22	63
3095	23	67
3095	24	71
3095	25	75
3095	26	79
3095	27	83
3095	28	87
3096	1	15
3096	2	17
3096	3	18
3096	4	19
3096	5	20
3096	6	21
3096	7	22
3096	8	23
3096	9	24
3096	10	25
3096	11	26
3096	12	28
3096	13	31
3096	14	34
3096	15	37
3096	16	40
3096	17	44
3096	18	48
3096	19	52
3096	20	56
3096	21	60
3096	22	64
3096	23	68
3096	24	72
3096	25	76
3096	26	80
3096	27	84
3096	28	88
3097	1	15
3097	2	16
3097	3	17
3097	4	18
3097	5	19
3097	6	20
3097	7	21
3097	8	22
3097	9	24
3097	10	27
3097	11	30
3097	12	33
3097	13	36
3097	14	39
3097	15	42
3097	16	46
3097	17	50
3097	18	54
3097	19	58
3097	20	62
3097	21	66
3097	22	70
3097	23	74
3097	24	78
3097	25	82
3097	26	86
3097	27	90
3098	1	34
3098	2	36
3098	3	40
3098	4	44
3098	5	48
3098	6	52
3098	7	56
3098	8	60
3098	9	64
3098	10	68
3098	11	72
3098	12	76
3098	13	80
3098	14	84
3098	15	88
3101	1	22
3101	2	23
3101	3	24
3101	4	25
3101	5	26
3101	6	27
3101	7	28
3101	8	29
3101	9	30
3101	10	31
3101	11	32
3101	12	33
3101	13	34
3101	14	35
3101	15	38
3101	16	41
3101	17	45
3101	18	49
3101	19	53
3101	20	57
3101	21	61
3101	22	65
3101	23	69
3101	24	73
3101	25	77
3101	26	81
3101	27	85
3101	28	89
3103	1	52
3105	1	2
3105	2	5
3105	3	15
3105	4	16
3105	5	17
3105	6	18
3105	7	19
3105	8	20
3105	9	21
3105	10	24
3105	11	27
3105	12	30
3105	13	33
3105	14	36
3105	15	39
3105	16	43
3105	17	47
3105	18	51
3105	19	55
3105	20	59
3105	21	63
3105	22	67
3105	23	71
3105	24	75
3105	25	79
3105	26	83
3105	27	87
3106	1	15
3106	2	16
3106	3	17
3106	4	18
3106	5	19
3106	6	20
3106	7	21
3106	8	22
3106	9	24
3106	10	27
3106	11	30
3106	12	33
3106	13	36
3106	14	39
3106	15	42
3106	16	46
3106	17	50
3106	18	54
3106	19	58
3106	20	62
3106	21	66
3106	22	70
3106	23	74
3106	24	78
3106	25	82
3106	26	86
3106	27	90
3108	1	19
3108	2	20
3108	3	21
3108	4	22
3108	5	23
3108	6	24
3108	7	25
3108	8	26
3108	9	27
3108	10	28
3108	11	29
3108	12	30
3108	13	31
3108	14	34
3108	15	37
3108	16	40
3108	17	44
3108	18	48
3108	19	52
3108	20	56
3108	21	60
3108	22	64
3108	23	68
3108	24	72
3108	25	76
3108	26	80
3108	27	84
3108	28	88
3109	1	16
3110	1	34
3111	1	22
3111	1	22
3112	1	40
3114	1	44
3118	1	30
3357	1	22
3373	1	32
3374	1	32
3702	1	44
3702	2	44
3702	3	44
3702	4	46
3702	5	58
3702	6	70
3959	1	22
3959	2	23
3959	3	24
3959	4	26
3959	5	28
3959	6	30
3959	7	32
3959	8	34
3959	9	36
3959	10	38
3959	11	40
3959	12	42
3959	13	46
3959	14	50
3959	15	54
3959	16	58
3959	17	62
3959	18	66
3959	19	70
3959	20	74
3959	21	78
3959	22	82
3959	23	86
3959	24	90
3960	1	34
3960	2	35
3960	3	36
3960	4	37
3960	5	39
3960	6	42
3960	7	46
3960	8	50
3960	9	54
3960	10	58
3960	11	62
3960	12	66
3960	13	70
3960	14	74
3960	15	78
3960	16	82
3960	17	86
3960	18	90
3962	1	1
3962	2	5
3962	3	15
3962	4	18
3962	5	19
3962	6	20
3962	7	21
3962	8	22
3962	9	23
3962	10	24
3962	11	25
3962	12	26
3962	13	27
3962	14	28
3962	15	29
3962	16	31
3962	17	33
3962	18	35
3962	19	37
3962	20	39
3962	21	41
3962	22	45
3962	23	49
3962	24	53
3962	25	57
3962	26	61
3962	27	65
3962	28	69
3962	29	73
3962	30	77
3962	31	81
3962	32	85
3962	33	89
3963	1	15
3963	2	16
3963	3	17
3963	4	18
3963	5	19
3963	6	20
3963	7	21
3963	8	22
3963	9	23
3963	10	24
3963	11	25
3963	12	26
3963	13	27
3963	14	28
3963	15	29
3963	16	30
3963	17	31
3963	18	35
3963	19	37
3963	20	39
3963	21	43
3963	22	47
3963	23	51
3963	24	55
3963	25	59
3963	26	63
3963	27	67
3963	28	71
3963	29	75
3963	30	79
3963	31	83
3963	32	87
3965	1	34
3966	1	15
3967	1	15
3967	2	16
3967	3	17
3967	4	18
3967	5	19
3967	6	20
3967	7	21
3967	8	22
3967	9	23
3967	10	24
3967	11	25
3967	12	26
3967	13	27
3967	14	28
3967	15	30
3967	16	32
3967	17	34
3967	18	36
3967	19	38
3967	20	40
3967	21	44
3967	22	48
3967	23	52
3967	24	56
3967	25	60
3967	26	64
3967	27	68
3967	28	72
3967	29	76
3967	30	80
3967	31	84
3967	32	88
3968	1	38
3969	1	48
3970	1	30
3971	1	46
3973	1	26
3973	2	38
3973	3	48
3973	4	58
3973	5	68
3973	6	78
3974	1	14
3975	1	52
3977	1	40
3978	1	58
3979	1	18
3979	2	19
3979	3	20
3979	4	21
3979	5	22
3979	6	23
3979	7	24
3979	8	25
3979	9	26
3979	10	27
3979	11	28
3979	12	30
3979	13	32
3979	14	34
3979	15	36
3979	16	38
3979	17	40
3979	18	44
3979	19	48
3979	20	52
3979	21	56
3979	22	60
3979	23	64
3979	24	68
3979	25	72
3979	26	76
3979	27	80
3979	28	84
3979	29	88
3980	1	18
3980	2	24
3980	3	31
3980	4	46
3980	5	61
3982	1	14
3984	1	34
3984	2	48
3984	3	62
3984	4	76
3985	1	40
4104	1	25
4910	1	48
5257	1	22
5257	2	23
5257	3	24
5257	4	25
5257	5	26
5257	6	28
5257	7	31
5257	8	34
5257	9	37
5257	10	41
5257	11	46
5257	12	53
5257	13	60
5257	14	67
5257	15	77
5257	16	87
5258	1	1
5258	2	5
5258	3	17
5258	4	18
5258	5	19
5258	6	20
5258	7	21
5258	8	22
5258	9	23
5258	10	24
5258	11	25
5258	12	27
5258	13	31
5258	14	37
5258	15	43
5258	16	49
5258	17	56
5258	18	63
5258	19	70
5258	20	80
5258	21	90
5259	1	18
5259	2	22
5259	3	38
5259	4	54
5259	5	70
5259	6	86
5260	1	15
5260	2	19
5260	3	21
5260	4	23
5260	5	25
5260	6	27
5260	7	29
5260	8	31
5260	9	33
5260	10	35
5260	11	37
5260	12	39
5260	13	41
5260	14	43
5260	15	45
5260	16	47
5260	17	49
5260	18	54
5260	19	61
5260	20	68
5260	21	78
5260	22	88
5262	1	34
5262	2	37
5262	3	40
5262	4	50
5262	5	60
5262	6	70
5262	7	80
5263	1	48
5263	2	49
5263	3	50
5263	4	51
5263	5	52
5263	6	54
5263	7	56
5263	8	60
5263	9	62
5263	10	70
5263	11	74
5263	12	82
5263	13	90
5265	1	68
5265	2	70
5265	3	76
5265	4	80
5265	5	84
5265	6	88
5266	1	14
5266	2	15
5266	3	16
5266	4	18
5266	5	20
5266	6	21
5266	7	24
5266	8	27
5266	9	30
5266	10	34
5266	11	42
5266	12	48
5266	13	55
5266	14	62
5266	15	69
5266	16	79
5266	17	89
5267	1	40
5267	2	44
5267	3	51
5267	4	58
5267	5	63
5267	6	70
5267	7	77
5267	8	84
5268	1	26
5269	1	30
5270	1	44
5354	1	1
5354	2	5
5354	3	15
5354	4	18
5354	5	19
5354	6	20
5354	7	21
5354	8	22
5354	9	23
5354	10	24
5354	11	25
5354	12	26
5354	13	27
5354	14	32
5354	15	38
5354	16	44
5354	17	50
5354	18	57
5354	19	64
5354	20	71
5354	21	81
5361	1	56
5361	2	58
5361	3	60
5361	4	66
5361	5	72
5361	6	78
5361	7	84
5361	8	90
5362	1	64
5365	1	52
5365	2	53
5365	3	54
5365	4	55
5365	5	57
5365	6	65
5365	7	73
5365	8	81
5365	9	89
5367	1	15
5367	2	20
5367	3	28
5367	4	31
5367	5	35
5367	6	38
5367	7	44
5367	8	51
5367	9	58
5367	10	65
5367	11	75
5367	12	85
5368	1	32
5368	2	33
5368	3	34
5368	4	35
5368	5	36
5368	6	37
5368	7	39
5368	8	41
5368	9	44
5368	10	47
5368	11	50
5368	12	54
5368	13	57
5368	14	61
5368	15	64
5368	16	68
5368	17	72
5368	18	78
5368	19	88
5369	1	36
5369	2	38
5369	3	40
5369	4	42
5369	5	45
5369	6	52
5369	7	59
5369	8	66
5369	9	76
5369	10	86
5370	1	40
5370	2	42
5370	3	44
5370	4	46
5370	5	48
5370	6	51
5370	7	55
5370	8	62
5370	9	69
5370	10	79
5370	11	88
5522	1	72
5522	2	73
5522	3	74
5522	4	75
5522	5	76
5522	6	79
5522	7	82
5522	8	85
5602	1	76
5602	2	77
5602	3	78
5602	4	79
5602	5	80
5602	6	81
5602	7	82
5602	8	83
5602	9	87
5638	1	15
5638	2	15
5638	3	16
5638	4	17
5638	5	18
5638	6	19
5638	7	20
5638	8	21
5638	9	22
5638	10	24
5638	11	26
5638	12	30
5638	13	33
5638	14	39
5638	15	45
5638	16	52
5638	17	59
5638	18	66
5638	19	76
5638	20	86
6444	1	18
6444	2	19
6444	3	20
6444	4	21
6444	5	22
6444	6	23
6444	7	24
6444	8	25
6444	9	26
6444	10	27
6444	11	28
6444	12	29
6444	13	32
6444	14	35
6444	15	38
6444	16	42
6444	17	46
6444	18	50
6444	19	54
6444	20	58
6444	21	62
6444	22	66
6444	23	70
6444	24	74
6444	25	78
6444	26	82
6444	27	86
6444	28	90
6450	1	15
6450	2	16
6450	3	17
6450	4	18
6450	5	19
6450	6	20
6450	7	21
6450	8	22
6450	9	24
6450	10	27
6450	11	30
6450	12	33
6450	13	36
6450	14	39
6450	15	42
6450	16	46
6450	17	50
6450	18	54
6450	19	58
6450	20	62
6450	21	66
6450	22	70
6450	23	74
6450	24	78
6450	25	82
6450	26	86
6450	27	90
6520	1	15
6520	2	16
6520	3	18
6520	4	21
6520	5	25
6520	6	30
6520	7	36
6520	8	38
6520	9	40
6520	10	42
6520	11	44
6520	12	46
6520	13	48
6520	14	50
6520	15	52
6520	16	54
6520	17	56
6520	18	58
6520	19	60
6520	20	62
6520	21	64
6520	22	66
6520	23	68
6520	24	70
6520	25	72
6520	26	76
6520	27	80
6520	28	84
6520	29	88
6621	1	1
6621	2	5
6621	3	16
6621	4	17
6621	5	18
6621	6	19
6621	7	20
6621	8	21
6621	9	22
6621	10	23
6621	11	24
6621	12	25
6621	13	27
6621	14	29
6621	15	31
6621	16	33
6621	17	35
6621	18	37
6621	19	39
6621	20	43
6621	21	47
6621	22	51
6621	23	55
6621	24	59
6621	25	63
6621	26	67
6621	27	71
6621	28	75
6621	29	79
6621	30	83
6621	31	87
6626	1	41
6626	2	42
6626	3	43
6626	4	46
6626	5	48
6626	6	50
6626	7	52
6626	8	54
6626	9	56
6626	10	58
6626	11	60
6626	12	62
6626	13	64
6626	14	66
6626	15	68
6626	16	70
6626	17	72
6626	18	74
6626	19	76
6626	20	78
6626	21	80
6626	22	82
6626	23	84
6626	24	86
6626	25	88
6626	26	90
6662	1	15
6662	2	16
6662	3	17
6662	4	18
6662	5	19
6662	6	20
6662	7	21
6662	8	22
6662	9	23
6662	10	24
6662	11	25
6662	12	26
6662	13	27
6662	14	29
6662	15	31
6662	16	33
6662	17	35
6662	18	37
6662	19	39
6662	20	43
6662	21	47
6662	22	51
6662	23	55
6662	24	59
6662	25	63
6662	26	67
6662	27	71
6662	28	75
6662	29	79
6662	30	83
6662	31	87
6675	1	15
6675	2	16
6675	3	17
6675	4	18
6675	5	19
6675	6	20
6675	7	21
6675	8	22
6675	9	23
6675	10	24
6675	11	25
6675	12	26
6675	13	27
6675	14	28
6675	15	30
6675	16	32
6675	17	34
6675	18	36
6675	19	38
6675	20	40
6675	21	44
6675	22	48
6675	23	52
6675	24	56
6675	25	60
6675	26	64
6675	27	68
6675	28	72
6675	29	76
6675	30	80
6675	31	84
6675	32	88
6767	1	40
6901	1	60
8490	1	15
8490	2	15
8490	3	16
8490	4	17
8490	5	18
8490	6	19
8490	7	20
8490	8	21
8490	9	22
8490	10	24
8490	11	26
8490	12	30
8490	13	33
8490	14	39
8490	15	45
8490	16	52
8490	17	59
8490	18	66
8490	19	76
8490	20	86
8670	1	15
9002	1	16
9002	2	20
9002	3	30
9002	4	40
9002	5	50
9002	6	60
9002	7	70
9003	1	12
9003	2	15
9003	3	90
9004	1	50
9005	1	36
9006	1	36
9335	1	15
9335	2	16
9335	3	17
9335	4	18
9335	5	19
9335	6	20
9335	7	21
9335	8	22
9335	9	23
9335	10	25
9335	11	27
9335	12	29
9335	13	31
9335	14	34
9335	15	37
9335	16	40
9335	17	43
9335	18	46
9335	19	49
9335	20	52
9335	21	55
9335	22	58
9335	23	61
9335	24	64
9335	25	67
9335	26	70
9335	27	74
9335	28	78
9335	29	82
9335	30	86
9335	31	89
9341	1	15
9341	2	16
9341	3	17
9341	4	18
9341	5	19
9341	6	20
9341	7	21
9341	8	22
9341	9	23
9341	10	25
9341	11	27
9341	12	29
9341	13	31
9341	14	34
9341	15	37
9341	16	40
9341	17	43
9341	18	46
9341	19	49
9341	20	52
9341	21	55
9341	22	58
9341	23	61
9341	24	64
9341	25	67
9341	26	70
9341	27	74
9341	28	78
9341	29	82
9341	30	86
9341	31	89
9440	1	15
9440	2	16
9440	3	18
9440	4	21
9440	5	25
9440	6	30
9440	7	36
9440	8	38
9440	9	40
9440	10	42
9440	11	44
9440	12	46
9440	13	48
9440	14	50
9440	15	52
9440	16	54
9440	17	56
9440	18	58
9440	19	60
9440	20	62
9440	21	64
9440	22	66
9440	23	68
9440	24	70
9440	25	72
9440	26	76
9440	27	80
9440	28	84
9440	29	88
9441	1	15
9441	2	16
9441	3	18
9441	4	21
9441	5	25
9441	6	30
9441	7	36
9441	8	38
9441	9	40
9441	10	42
9441	11	44
9441	12	46
9441	13	48
9441	14	50
9441	15	52
9441	16	54
9441	17	56
9441	18	58
9441	19	60
9441	20	62
9441	21	64
9441	22	66
9441	23	68
9441	24	70
9441	25	72
9441	26	76
9441	27	80
9441	28	84
9441	29	88
13040	1	26
13042	1	44
13044	1	1
13044	2	5
13044	3	15
13044	4	18
13044	5	20
13044	6	22
13044	7	25
13044	8	28
13044	9	31
13044	10	33
13044	11	35
13044	12	38
13044	13	40
13044	14	42
13044	15	44
13044	16	47
13044	17	49
13044	18	52
13044	19	54
13044	20	56
13044	21	59
13044	22	63
13044	23	65
13044	24	67
13044	25	70
13044	26	73
13044	27	75
13044	28	77
13044	29	79
13044	30	81
13044	31	83
13044	32	85
13044	33	87
13045	1	56
13045	2	57
13045	3	58
13045	4	59
13045	5	60
13045	6	61
13045	7	62
13045	8	63
13045	9	64
13045	10	66
13045	11	68
13045	12	70
13045	13	72
13045	14	74
13045	15	76
13045	16	77
13045	17	79
13045	18	80
13045	19	82
13045	20	83
13045	21	84
13045	22	86
13045	23	88
13045	24	89
13046	1	15
13046	2	27
13046	3	30
13046	4	33
13046	5	36
13046	6	40
13046	7	43
13046	8	46
13046	9	48
13046	10	51
13046	11	54
13046	12	57
13046	13	60
13046	14	64
13046	15	67
13046	16	69
13046	17	71
13046	18	73
13046	19	75
13046	20	77
13046	21	80
13046	22	82
13046	23	84
13046	24	86
13046	25	88
13047	1	40
13047	2	49
13047	3	50
13047	4	51
13047	5	53
13047	6	54
13047	7	57
13047	8	58
13047	9	59
13047	10	60
13047	11	62
13047	12	64
13047	13	66
13047	14	67
13047	15	68
13047	16	69
13048	1	15
13048	2	15
13048	3	17
13048	4	20
13048	5	23
13048	6	26
13048	7	29
13048	8	32
13048	9	36
13048	10	40
13048	11	45
13048	12	50
13048	13	55
13048	14	59
13048	15	63
13048	16	65
13049	1	18
13050	1	15
13050	2	17
13050	3	19
13050	4	22
13050	5	25
13050	6	28
13050	7	31
13050	8	35
13050	9	39
13050	10	42
13050	11	46
13050	12	52
13050	13	57
13050	14	62
13050	15	66
13052	1	15
13052	2	16
13052	3	18
13052	4	20
13052	5	22
13052	6	24
13052	7	26
13052	8	29
13052	9	32
13052	10	35
13052	11	38
13052	12	41
13052	13	45
13052	14	48
13052	15	52
13052	16	56
13052	17	60
13052	18	63
13052	19	66
13052	20	69
13052	21	72
13052	22	74
13052	23	76
13052	24	78
13052	25	80
13052	26	82
13052	27	84
13052	28	86
13053	1	34
13053	2	35
13053	3	37
13053	4	41
13053	5	44
13053	6	47
13053	7	51
13053	8	55
13053	9	58
13053	10	61
13053	11	65
13053	12	68
13053	13	70
13053	14	73
13053	15	76
13053	16	78
13053	17	81
13053	18	83
13054	1	15
13054	2	20
13054	3	21
13054	4	24
13054	5	26
13054	6	29
13054	7	31
13054	8	34
13054	9	37
13054	10	41
13054	11	44
13054	12	48
13054	13	51
13054	14	55
13054	15	59
13054	16	62
13054	17	65
13054	18	69
13054	19	72
13054	20	74
13054	21	78
13054	22	81
13055	1	22
13055	2	23
13055	3	24
13055	4	25
13055	5	26
13055	6	27
13055	7	28
13055	8	30
13055	9	33
13055	10	36
13055	11	39
13055	12	43
13055	13	47
13055	14	50
13055	15	54
13055	16	58
13055	17	61
13055	18	64
13055	19	68
13055	20	71
13067	1	60
13068	1	48
13068	2	49
13068	3	50
13068	4	55
13068	5	61
13068	6	64
13068	7	67
13068	8	71
13068	9	75
13068	10	79
13070	1	52
13391	1	19
13424	1	30
13430	1	15
13430	2	15
13430	3	16
13430	4	17
13430	5	18
13430	6	19
13430	7	20
13430	8	21
13430	9	22
13430	10	23
13430	11	24
13430	12	25
13430	13	26
13430	14	28
13430	15	30
13430	16	32
13430	17	34
13430	18	36
13430	19	38
13430	20	40
13430	21	44
13430	22	48
13430	23	52
13430	24	56
13430	25	60
13430	26	64
13430	27	68
13430	28	72
13430	29	76
13430	30	80
13430	31	84
13430	32	88
13983	1	15
13983	2	25
13983	3	35
13983	4	55
13983	5	75
14064	1	1
14064	2	5
14064	3	15
14064	4	19
14064	5	20
14064	6	23
14064	7	28
14064	8	31
14064	9	34
14064	10	36
14064	11	39
14064	12	42
14064	13	45
14064	14	48
14064	15	51
14064	16	54
14064	17	57
14064	18	60
14064	19	63
14064	20	66
14064	21	72
14064	22	76
14064	23	79
14064	24	83
14064	25	86
14065	1	15
14065	2	16
14065	3	18
14065	4	21
14065	5	24
14065	6	27
14065	7	30
14065	8	33
14065	9	37
14065	10	40
14065	11	44
14065	12	47
14065	13	50
14065	14	53
14065	15	56
14065	16	59
14065	17	62
14065	18	65
14065	19	68
14065	20	71
14065	21	75
14065	22	78
14065	23	81
14065	24	84
14065	25	87
14066	1	19
14066	2	21
14066	3	22
14066	4	23
14066	5	24
14066	6	25
14066	7	26
14066	8	35
14066	9	38
14066	10	41
14066	11	45
14066	12	48
14066	13	51
14066	14	55
14066	15	58
14066	16	61
14066	17	64
14066	18	67
14066	19	70
14066	20	72
14066	21	75
14066	22	77
14066	23	80
14066	24	83
14066	25	86
14067	1	15
14067	2	16
14067	3	18
14067	4	20
14067	5	23
14067	6	26
14067	7	28
14067	8	31
14067	9	34
14067	10	37
14067	11	40
14067	12	43
14067	13	46
14067	14	49
14067	15	53
14067	16	56
14067	17	59
14067	18	62
14067	19	65
14067	20	69
14067	21	73
14067	22	76
14067	23	79
14067	24	82
14067	25	85
14068	1	15
14068	2	16
14068	3	17
14068	4	19
14068	5	22
14068	6	25
14068	7	29
14068	8	33
14068	9	36
14068	10	39
14068	11	42
14068	12	44
14068	13	47
14068	14	50
14068	15	54
14068	16	57
14068	17	61
14068	18	64
14068	19	67
14068	20	69
14068	21	74
14068	22	78
14068	23	81
14068	24	84
14068	25	87
14069	1	22
14070	1	23
14070	2	25
14070	3	27
14070	4	30
14070	5	32
14070	6	35
14070	7	38
14070	8	41
14070	9	43
14070	10	46
14070	11	49
14070	12	52
14070	13	55
14070	14	58
14070	15	60
14070	16	63
14070	17	66
14070	18	68
14070	19	70
14070	20	71
14070	21	74
14070	22	77
14070	23	80
14070	24	82
14070	25	85
14071	1	35
14071	2	37
14071	3	39
14071	4	41
14071	5	43
14071	6	45
14071	7	47
14071	8	49
14071	9	51
14071	10	53
14071	11	55
14071	12	57
14071	13	59
14071	14	61
14071	15	63
14071	16	65
14071	17	67
14071	18	69
14071	19	71
14071	20	73
14071	21	75
14071	22	77
14071	23	79
14071	24	81
14071	25	83
14072	1	64
14073	1	56
14074	1	48
14075	1	44
14076	1	30
14081	1	40
14082	1	18
14083	1	26
14084	1	60
14137	1	1
14137	2	5
14137	3	17
14137	4	19
14137	5	21
14137	6	23
14137	7	28
14137	8	31
14137	9	34
14137	10	36
14137	11	39
14137	12	42
14137	13	45
14137	14	48
14137	15	51
14137	16	54
14137	17	57
14137	18	60
14137	19	63
14137	20	66
14137	21	72
14137	22	76
14137	23	79
14137	24	83
14137	25	86
14138	1	15
14138	2	16
14138	3	18
14138	4	21
14138	5	24
14138	6	27
14138	7	30
14138	8	33
14138	9	37
14138	10	40
14138	11	44
14138	12	47
14138	13	50
14138	14	53
14138	15	56
14138	16	59
14138	17	62
14138	18	65
14138	19	68
14138	20	71
14138	21	75
14138	22	78
14138	23	81
14138	24	84
14138	25	87
14139	1	19
14139	2	20
14139	3	21
14139	4	22
14139	5	23
14139	6	24
14139	7	34
14139	8	35
14139	9	38
14139	10	41
14139	11	45
14139	12	48
14139	13	51
14139	14	55
14139	15	58
14139	16	61
14139	17	64
14139	18	67
14139	19	70
14139	20	72
14139	21	75
14139	22	77
14139	23	80
14139	24	83
14139	25	86
14140	1	15
14140	2	16
14140	3	18
14140	4	20
14140	5	23
14140	6	26
14140	7	28
14140	8	31
14140	9	34
14140	10	37
14140	11	40
14140	12	43
14140	13	46
14140	14	49
14140	15	53
14140	16	56
14140	17	59
14140	18	62
14140	19	65
14140	20	69
14140	21	73
14140	22	76
14140	23	79
14140	24	82
14140	25	85
14141	1	15
14141	2	16
14141	3	17
14141	4	19
14141	5	22
14141	6	25
14141	7	29
14141	8	33
14141	9	36
14141	10	39
14141	11	42
14141	12	44
14141	13	47
14141	14	50
14141	15	54
14141	16	57
14141	17	61
14141	18	64
14141	19	67
14141	20	69
14141	21	74
14141	22	78
14141	23	81
14141	24	84
14141	25	87
14154	1	52
14230	1	23
14230	2	25
14230	3	27
14230	4	30
14230	5	32
14230	6	35
14230	7	38
14230	8	41
14230	9	43
14230	10	46
14230	11	49
14230	12	52
14230	13	55
14230	14	58
14230	15	60
14230	16	63
14230	17	66
14230	18	68
14230	19	70
14230	20	71
14230	21	74
14230	22	77
14230	23	80
14230	24	82
14230	25	85
14231	1	35
14231	2	37
14231	3	39
14231	4	41
14231	5	43
14231	6	45
14231	7	47
14231	8	49
14231	9	51
14231	10	53
14231	11	55
14231	12	57
14231	13	59
14231	14	61
14231	15	63
14231	16	65
14231	17	67
14231	18	69
14231	19	71
14231	20	73
14231	21	75
14231	22	77
14231	23	79
14231	24	81
14231	25	83
14298	1	1
14298	2	5
14298	3	17
14298	4	19
14298	5	21
14298	6	23
14298	7	28
14298	8	31
14298	9	34
14298	10	36
14298	11	39
14298	12	42
14298	13	45
14298	14	48
14298	15	51
14298	16	54
14298	17	57
14298	18	60
14298	19	63
14298	20	66
14298	21	72
14298	22	76
14298	23	79
14298	24	83
14298	25	86
14299	1	15
14299	2	16
14299	3	18
14299	4	20
14299	5	23
14299	6	26
14299	7	28
14299	8	31
14299	9	34
14299	10	37
14299	11	40
14299	12	43
14299	13	46
14299	14	49
14299	15	53
14299	16	56
14299	17	59
14299	18	62
14299	19	65
14299	20	69
14299	21	73
14299	22	76
14299	23	79
14299	24	82
14299	25	85
14300	1	1
14300	2	5
14300	3	17
14300	4	19
14300	5	21
14300	6	23
14300	7	28
14300	8	31
14300	9	34
14300	10	36
14300	11	39
14300	12	42
14300	13	45
14300	14	48
14300	15	51
14300	16	54
14300	17	57
14300	18	60
14300	19	63
14300	20	66
14300	21	72
14300	22	76
14300	23	79
14300	24	83
14300	25	86
14301	1	15
14301	2	16
14301	3	18
14301	4	20
14301	5	23
14301	6	26
14301	7	28
14301	8	31
14301	9	34
14301	10	37
14301	11	40
14301	12	43
14301	13	46
14301	14	49
14301	15	53
14301	16	56
14301	17	59
14301	18	62
14301	19	65
14301	20	69
14301	21	73
14301	22	76
14301	23	79
14301	24	82
14301	25	85
14302	1	1
14302	2	5
14302	3	17
14302	4	19
14302	5	21
14302	6	23
14302	7	28
14302	8	31
14302	9	34
14302	10	36
14302	11	39
14302	12	42
14302	13	45
14302	14	48
14302	15	51
14302	16	54
14302	17	57
14302	18	60
14302	19	63
14302	20	66
14302	21	72
14302	22	76
14302	23	79
14302	24	83
14302	25	86
14303	1	1
14303	2	5
14303	3	17
14303	4	19
14303	5	21
14303	6	23
14303	7	28
14303	8	31
14303	9	34
14303	10	36
14303	11	39
14303	12	42
14303	13	45
14303	14	48
14303	15	51
14303	16	54
14303	17	57
14303	18	60
14303	19	63
14303	20	66
14303	21	72
14303	22	76
14303	23	79
14303	24	83
14303	25	86
14639	1	55
14664	1	14
14664	2	20
14664	3	28
14664	4	33
14664	5	38
14664	6	43
14664	7	48
14664	8	53
14664	9	58
14664	10	63
14664	11	68
14664	12	73
14664	13	78
14664	14	83
14664	15	88
15053	1	1
15053	2	5
15053	3	10
15053	4	17
15053	5	18
15053	6	19
15053	7	20
15053	8	21
15053	9	22
15053	10	23
15053	11	24
15053	12	25
15053	13	27
15053	14	29
15053	15	31
15053	16	33
15053	17	35
15053	18	37
15053	19	39
15053	20	41
15053	21	43
15053	22	45
15053	23	47
15053	24	49
15053	25	51
15053	26	56
15053	27	61
15053	28	66
15053	29	71
15053	30	76
15053	31	81
15053	32	86
15092	1	34
16027	1	22
16027	2	23
16027	3	24
16027	4	25
16027	5	29
16027	6	33
16027	7	37
16027	8	40
16027	9	44
16027	10	48
16027	11	52
16027	12	55
16027	13	60
16027	14	66
16027	15	71
16028	1	14
16028	2	15
16028	3	17
16028	4	19
16028	5	21
16028	6	24
16028	7	27
16028	8	30
16028	9	34
16028	10	36
16085	1	26
16085	2	27
16085	3	28
16085	4	29
16085	5	31
16085	6	35
16085	7	38
16085	8	41
16085	9	44
16085	10	48
16085	11	53
16085	12	57
16085	13	62
16085	14	67
16085	15	74
16166	1	34
16168	1	1
16169	1	22
16304	1	52
16304	2	53
16304	3	54
16304	4	55
16304	5	56
16304	6	57
16304	7	58
16304	8	59
16304	9	63
16304	10	68
16304	11	72
16304	12	76
16304	13	78
16304	14	82
16304	15	86
16455	1	56
16460	1	15
16460	2	20
16460	3	26
16460	4	33
16460	5	41
16460	6	50
16460	7	60
16460	8	71
16460	9	84
16460	10	89
16479	1	19
16479	2	24
16479	3	28
16479	4	32
16479	5	36
16479	6	40
16479	7	44
16479	8	48
16479	9	52
16479	10	56
16479	11	60
16479	12	64
16479	13	68
16479	14	72
16479	15	76
16598	1	40
16598	2	43
16598	3	47
16598	4	53
16598	5	57
16598	6	61
16598	7	66
16598	8	73
16598	9	81
16598	10	88
16601	1	1
16601	2	7
16601	3	15
16601	4	20
16601	5	22
16601	6	25
16601	7	28
16601	8	31
16601	9	34
16601	10	37
16601	11	40
16601	12	43
16601	13	46
16601	14	49
16601	15	52
16602	1	15
16602	2	16
16602	3	18
16602	4	19
16602	5	23
16602	6	26
16602	7	29
16602	8	33
16602	9	36
16602	10	39
16602	11	42
16602	12	46
16602	13	50
16602	14	53
16602	15	56
16620	1	110
16621	1	30
16621	2	31
16621	3	32
16621	4	35
16621	5	38
16621	6	41
16621	7	45
16621	8	49
16621	9	53
16621	10	56
16621	11	61
16621	12	65
16621	13	69
16621	14	75
16621	15	79
16627	1	15
16627	2	18
16627	3	24
16627	4	28
16627	5	32
16627	6	36
16627	7	40
16627	8	44
16627	9	51
16627	10	59
16628	1	14
16628	2	15
16628	3	17
16628	4	19
16628	5	21
16628	6	24
16628	7	27
16628	8	30
16628	9	34
16628	10	36
16629	1	39
16629	2	43
16629	3	47
16629	4	53
16629	5	57
16629	6	61
16629	7	66
16629	8	73
16629	9	81
16629	10	88
16633	1	15
16633	2	20
16633	3	26
16633	4	33
16633	5	41
16633	6	50
16633	7	60
16633	8	71
16633	9	84
16633	10	89
16870	1	34
16870	2	35
16870	3	36
16870	4	38
16870	5	42
16870	6	46
16870	7	50
16870	8	54
16870	9	58
16870	10	63
17057	1	44
17057	2	45
17057	3	46
17057	4	49
17057	5	52
17057	6	56
17057	7	62
17057	8	70
17057	9	77
17057	10	82
18240	1	40
18322	1	22
18322	2	24
18322	3	26
18322	4	28
18322	5	31
18322	6	35
18322	7	40
18322	8	42
18322	9	46
18322	10	50
18322	11	54
18322	12	59
18322	13	64
18322	14	69
18322	15	74
18322	16	79
18322	17	84
18322	18	89
18333	1	22
18333	2	35
18333	3	45
18333	4	60
18333	5	63
18333	6	66
18333	7	71
18333	8	76
18333	9	81
18333	10	86
18481	1	23
18523	1	52
18579	1	30
18579	1	30
18579	2	32
18579	3	35
18579	4	50
18579	5	75
18579	6	89
18584	1	15
18604	1	30
18640	1	44
18668	1	15
18668	2	16
18668	3	17
18668	4	18
18668	5	19
18668	6	20
18668	7	21
18668	8	22
18668	9	23
18668	10	25
18668	11	27
18668	12	29
18668	13	31
18668	14	34
18668	15	37
18668	16	40
18668	17	43
18668	18	46
18668	19	49
18668	20	52
18668	21	55
18668	22	58
18668	23	61
18668	24	64
18668	25	67
18668	26	70
18668	27	74
18668	28	78
18668	29	82
18668	30	86
18668	31	89
18817	1	15
18817	2	15
18817	3	16
18817	4	17
18817	5	18
18817	6	19
18817	7	20
18817	8	21
18817	9	22
18817	10	24
18817	11	26
18817	12	30
18817	13	33
18817	14	39
18817	15	45
18817	16	52
18817	17	59
18817	18	66
18817	19	76
18817	20	86
19344	1	15
19344	2	18
19344	3	24
19344	4	28
19344	5	32
19344	6	36
19344	7	40
19344	8	44
19344	9	51
19344	10	59
19737	1	1
19737	2	15
19737	3	16
19737	4	17
19737	5	18
19737	6	20
19737	7	22
19737	8	24
19737	9	28
19737	10	30
19737	11	33
19737	12	35
19737	13	38
19737	14	41
19737	15	43
19737	16	46
19737	17	49
19737	18	52
19737	19	55
19737	20	58
19737	21	61
19737	22	63
19737	23	66
19737	24	68
19737	25	70
19737	26	72
19737	27	75
19737	28	78
19737	29	81
19737	30	83
19737	31	85
19818	1	15
19818	2	15
19818	3	16
19818	4	18
19818	5	20
19818	6	22
19818	7	24
19818	8	27
19818	9	31
19818	10	36
19818	11	39
19818	12	42
19818	13	45
19818	14	48
19818	15	51
19818	16	53
19818	17	55
19818	18	57
19818	19	59
19818	20	61
19818	21	63
19818	22	65
19827	1	22
19827	2	23
19827	3	26
19827	4	29
19827	5	33
19827	6	36
19827	7	39
19827	8	42
19827	9	45
19827	10	50
19827	11	54
19827	12	57
19827	13	60
19827	14	63
19827	15	66
19827	16	69
19827	17	71
19827	18	74
19827	19	76
19827	20	79
19827	21	81
19827	22	84
19827	23	86
19827	24	87
19827	25	88
19827	26	89
19827	27	90
19827	28	93
19827	29	95
19827	30	96
19827	31	97
19827	32	98
19828	1	18
19828	2	19
19828	3	21
19828	4	25
19828	5	28
19828	6	32
19828	7	35
19828	8	38
19828	9	41
19828	10	47
19984	1	34
19989	1	95
20012	1	95
20049	1	19
20053	1	15
20053	2	17
20053	3	19
20053	4	23
20053	5	26
20053	6	29
20053	7	34
20053	8	37
20053	9	44
20053	10	50
20053	11	53
20053	12	56
20053	13	59
20053	14	62
20053	15	65
20065	1	77
20082	1	26
20082	2	27
20082	3	31
20082	4	34
20082	5	40
20082	6	44
20082	7	48
20082	8	52
20082	9	56
20082	10	60
20082	11	67
20082	12	72
20082	13	75
20082	14	78
20082	15	82
20083	1	44
20083	2	46
20083	3	49
20083	4	53
20083	5	59
20083	6	64
20083	7	67
20083	8	70
20083	9	73
20083	10	76
20083	11	79
20083	12	82
20083	13	84
20083	14	86
20083	15	88
20084	1	52
20084	2	54
20084	3	57
20084	4	61
20084	5	64
20084	6	68
20084	7	71
20084	8	74
20084	9	77
20084	10	80
20084	11	83
20084	12	85
20084	13	87
20084	14	89
20084	15	90
20245	1	27
20245	2	29
20245	3	31
20245	4	33
20259	1	30
20259	2	32
20259	3	37
20259	4	40
20259	5	43
20259	6	47
20259	7	51
20259	8	55
20259	9	58
20259	10	62
20259	11	65
20259	12	69
20259	13	73
20259	14	77
20259	15	80
20281	1	40
20285	1	44
20569	1	95
20619	1	95
20628	1	95
20649	1	95
20652	1	95
20655	1	95
20658	1	95
20663	1	95
20666	1	95
20670	1	95
20672	1	95
20675	1	95
20715	1	26
20715	2	27
20715	3	31
20715	4	34
20715	5	40
20715	6	44
20715	7	48
20715	8	52
20715	9	56
20715	10	60
20715	11	67
20715	12	72
20715	13	75
20715	14	78
20715	15	82
20732	1	20
20732	2	21
20732	3	25
20732	4	30
20754	1	20
20754	2	21
20754	3	25
20754	4	30
20803	1	15
20803	2	19
20803	3	21
20803	4	23
20803	5	25
20803	6	27
20803	7	29
20803	8	31
20803	9	33
20803	10	35
20803	11	37
20803	12	39
20803	13	41
20803	14	43
20803	15	45
20803	16	47
20803	17	49
20803	18	54
20803	19	61
20803	20	68
20803	21	78
20803	22	88
20804	1	52
20804	2	54
20804	3	57
20804	4	61
20804	5	64
20804	6	68
20804	7	71
20804	8	74
20804	9	77
20804	10	80
20804	11	83
20804	12	85
20804	13	87
20804	14	89
20804	15	90
21024	1	25
21287	1	52
21287	2	64
21287	3	72
21287	4	80
21287	5	88
21820	1	18
21820	2	20
21820	3	24
21820	4	26
21820	5	28
21820	6	30
21820	7	32
21820	8	34
21820	9	36
21820	10	38
21820	11	40
21820	12	43
21820	13	47
21820	14	51
21820	15	55
21820	16	59
21820	17	63
21820	18	67
21820	19	71
21820	20	75
21820	21	79
21820	22	83
21820	23	87
22143	1	1
22143	2	15
22143	3	16
22143	4	17
22143	5	18
22143	6	20
22143	7	22
22143	8	24
22143	9	28
22143	10	30
22143	11	33
22143	12	35
22143	13	38
22143	14	41
22143	15	43
22143	16	46
22143	17	49
22143	18	52
22143	19	55
22143	20	58
22143	21	61
22143	22	63
22143	23	66
22143	24	68
22143	25	70
22143	26	72
22143	27	75
22143	28	78
22143	29	81
22143	30	83
22143	31	85
22144	1	14
22144	2	15
22144	3	16
22144	4	18
22144	5	20
22144	6	22
22144	7	24
22144	8	27
22144	9	31
22144	10	36
22144	11	39
22144	12	42
22144	13	45
22144	14	48
22144	15	51
22144	16	53
22144	17	55
22144	18	57
22144	19	59
22144	20	61
22144	21	63
22144	22	65
22150	1	17
22150	2	21
22150	3	25
22150	4	30
22274	1	15
22320	1	30
22320	2	32
22320	3	37
22320	4	40
22320	5	43
22320	6	47
22320	7	51
22320	8	55
22320	9	58
22320	10	62
22320	11	65
22320	12	69
22320	13	73
22320	14	77
22320	15	80
22321	1	34
22321	2	35
22321	3	36
22321	4	37
22321	5	39
22321	6	42
22321	7	46
22321	8	50
22321	9	54
22321	10	58
22321	11	62
22321	12	66
22321	13	70
22321	14	74
22321	15	78
22321	16	82
22321	17	86
22321	18	90
22327	1	22
22327	2	23
22327	3	26
22327	4	27
22327	5	29
22327	6	31
22327	7	32
22327	8	33
22327	9	34
22327	10	37
22327	11	39
22327	12	40
22327	13	41
22327	14	43
22327	15	44
22327	16	45
22327	17	47
22327	18	48
22327	19	49
22327	20	50
22327	21	51
22327	22	52
22327	23	53
22327	24	56
22327	25	57
22327	26	59
22327	27	60
22327	28	61
22327	29	62
22327	30	63
22327	31	64
22327	32	65
22344	1	26
22358	1	40
22358	2	42
22358	3	45
22358	4	49
22358	5	54
22358	6	60
22358	7	70
22358	8	80
22360	1	44
22361	1	18
22361	2	19
22361	3	21
22361	4	25
22361	5	28
22361	6	32
22361	7	35
22361	8	38
22361	9	41
22361	10	47
22417	1	52
22460	1	19
22460	2	21
22460	3	22
22460	4	23
22460	5	24
22460	6	25
22460	7	26
22460	8	27
22460	9	28
22460	10	29
22460	11	30
22460	12	32
22460	13	34
22460	14	36
22460	15	38
22460	16	40
22460	17	42
22460	18	44
22460	19	46
22460	20	48
22460	21	50
22460	22	52
22460	23	54
22460	24	56
22460	25	58
22460	26	60
22613	1	14
22613	2	15
22613	3	16
22613	4	18
22613	5	20
22613	6	22
22613	7	24
22613	8	27
22613	9	31
22613	10	36
22613	11	39
22613	12	42
22613	13	45
22613	14	48
22613	15	51
22613	16	53
22613	17	55
22613	18	57
22613	19	59
22613	20	61
22613	21	63
22613	22	65
22614	1	48
22616	1	48
22635	1	22
22635	2	23
22635	3	26
22635	4	27
22635	5	29
22635	6	31
22635	7	32
22635	8	33
22635	9	34
22635	10	37
22635	11	39
22635	12	40
22635	13	41
22635	14	43
22635	15	44
22635	16	45
22635	17	47
22635	18	48
22635	19	49
22635	20	50
22635	21	51
22635	22	52
22635	23	53
22635	24	56
22635	25	57
22635	26	59
22635	27	60
22635	28	61
22635	29	62
22635	30	63
22635	31	64
22635	32	65
22647	1	40
22647	2	42
22647	3	45
22647	4	49
22647	5	54
22647	6	60
22647	7	70
22647	8	80
23039	1	100
23946	1	22
23946	2	26
23946	3	22
23946	4	35
23946	5	38
23946	6	41
23946	7	44
23946	8	47
23946	9	50
23946	10	53
23946	11	57
23946	12	61
23946	13	65
23946	14	69
23946	15	73
23946	16	77
23946	17	81
23946	18	85
23946	19	89
23947	1	14
23947	2	16
23947	3	17
23947	4	21
23947	5	25
23947	6	29
23947	7	33
23947	8	37
23947	9	41
23947	10	45
23947	11	49
23947	12	53
23947	13	57
23947	14	60
23947	15	63
23947	16	67
23947	17	70
23947	18	73
23947	19	76
23947	20	79
23947	21	82
23947	22	85
23947	23	88
23947	24	90
24369	1	1
24369	2	15
24369	3	16
24369	4	17
24369	5	18
24369	6	20
24369	7	22
24369	8	24
24369	9	26
24369	10	28
24369	11	30
24369	12	32
24369	13	34
24369	14	36
24369	15	38
24369	16	40
24369	17	42
24371	1	6
24371	2	15
24371	3	16
24371	4	18
24371	5	19
24371	6	21
24371	7	23
24371	8	25
24371	9	27
24371	10	28
24371	11	30
24371	12	32
24371	13	34
24371	14	37
24371	15	40
24371	16	42
24371	17	45
24371	18	47
24372	1	9
24372	2	15
24372	3	17
24372	4	19
24372	5	20
24372	6	22
24372	7	24
24372	8	26
24372	9	27
24372	10	29
24372	11	31
24372	12	33
24372	13	35
24372	14	36
24372	15	39
24372	16	43
24372	17	46
24372	18	50
24372	19	54
24373	1	13
24373	2	16
24373	3	18
24373	4	21
24373	5	25
24374	1	15
24375	1	20
24376	1	20
24377	1	20
24378	1	26
24379	1	26
24379	2	29
24379	3	31
24379	4	33
24379	5	35
24379	6	37
24379	7	39
24379	8	41
24379	9	43
24379	10	45
24379	11	47
24379	12	49
24379	13	51
24379	14	53
24379	15	55
24379	16	80
24379	17	82
24379	18	83
24380	1	26
24382	1	80
24383	1	12
24385	1	83
24431	1	20
24431	2	21
24431	3	23
24431	4	25
24431	5	27
24431	6	29
24431	7	31
24431	8	33
24491	1	20
24890	1	22
24890	2	26
24890	3	32
24890	4	35
24890	5	38
24890	6	41
24890	7	44
24890	8	47
24890	9	50
24890	10	53
24890	11	57
24890	12	61
24890	13	65
24890	14	69
24890	15	73
24890	16	77
24890	17	81
24890	18	85
24890	19	89
24897	1	34
24897	2	35
24897	3	36
24897	4	37
24897	5	38
24897	6	41
24897	7	44
24897	8	47
24897	9	50
24897	10	53
24897	11	57
24897	12	61
24897	13	65
24897	14	69
24897	15	73
24897	16	77
24897	17	81
24897	18	85
24897	19	89
25142	1	23
27033	1	14
27033	2	20
27033	3	28
27033	4	33
27033	5	38
27033	6	43
27033	7	48
27033	8	53
27033	9	58
27033	10	63
27033	11	68
27033	12	73
27033	13	78
27033	14	83
27033	15	88
27034	1	14
27034	2	20
27034	3	28
27034	4	33
27034	5	38
27034	6	43
27034	7	48
27034	8	53
27034	9	58
27034	10	63
27034	11	68
27034	12	73
27034	13	78
27034	14	83
27034	15	88
27528	1	20
27528	2	21
27528	3	25
27528	4	28
27528	5	34
27528	6	39
27528	7	43
27528	8	47
27528	9	51
27528	10	55
27528	11	57
27528	12	59
27528	13	61
27528	14	67
27528	15	72
27536	1	19
27536	2	20
27536	3	22
27536	4	27
27536	5	28
27536	6	31
27536	7	34
27536	8	37
27536	9	41
27536	10	45
27536	11	50
27536	12	55
27536	13	60
27536	14	69
27536	15	80
27551	1	1
27551	2	15
27551	3	16
27551	4	18
27551	5	20
27551	6	22
27551	7	25
27551	8	28
27551	9	31
27551	10	33
27551	11	35
27551	12	38
27551	13	40
27551	14	42
27551	15	44
27551	16	47
27551	17	49
27551	18	52
27551	19	54
27551	20	56
27551	21	59
27551	22	63
27551	23	65
27551	24	67
27551	25	70
27551	26	73
27551	27	75
27551	28	77
27551	29	79
27551	30	81
27551	31	83
27551	32	87
27554	1	14
27554	2	15
27554	3	19
27554	4	23
27554	5	29
27554	6	36
27554	7	43
27554	8	61
27554	9	69
27554	10	82
27556	1	16
27556	2	17
27556	3	20
27556	4	23
27556	5	27
27556	6	32
27556	7	40
27556	8	50
27556	9	62
27556	10	71
27578	1	29
27582	1	37
27582	2	38
27582	3	42
27582	4	45
27582	5	51
27582	6	57
27582	7	60
27582	8	64
27582	9	68
27582	10	72
27582	11	74
27582	12	76
27582	13	78
27582	14	84
27582	15	89
27621	1	14
27621	2	15
27621	3	17
27621	4	18
27621	5	19
27621	6	21
27621	7	26
27621	8	31
27621	9	35
27621	10	39
27621	11	43
27621	12	47
27621	13	51
27621	14	55
27621	15	62
27623	1	19
27623	2	20
27623	3	21
27623	4	26
27623	5	30
27623	6	33
27623	7	45
27623	8	53
27623	9	65
27623	10	74
27623	11	88
27623	12	93
27630	1	23
27630	2	24
27630	3	32
27630	4	36
27630	5	48
27630	6	53
27630	7	61
27630	8	75
27632	1	14
27632	2	16
27632	3	19
27632	4	24
27632	5	29
27632	6	37
27632	7	44
27632	8	56
27632	9	70
27632	10	78
27634	1	34
27635	1	21
27635	2	22
27635	3	23
27635	4	24
27635	5	25
27635	6	26
27635	7	27
27635	8	28
27635	9	30
27635	10	32
27635	11	34
27635	12	36
27635	13	38
27635	14	40
27635	15	42
27635	16	44
27635	17	46
27635	18	48
27635	19	50
27635	20	52
27635	21	54
27635	22	56
27635	23	58
27635	24	60
27635	25	62
27635	26	66
27635	27	70
27635	28	77
27635	29	82
27635	30	85
27635	31	87
27637	1	21
27637	2	22
27637	3	23
27637	4	24
27637	5	25
27637	6	26
27637	7	27
27637	8	28
27637	9	29
27637	10	31
27637	11	33
27637	12	35
27637	13	37
27637	14	39
27637	15	41
27637	16	43
27637	17	45
27637	18	47
27637	19	49
27637	20	51
27637	21	55
27637	22	59
27637	23	63
27637	24	68
27637	25	71
27637	26	75
27637	27	79
27637	28	83
27637	29	86
27637	30	88
27637	31	91
27642	1	18
27650	1	25
27652	1	27
27652	2	30
27652	3	34
27652	4	38
27652	5	44
27652	6	52
27652	7	58
27652	8	73
27652	9	84
27652	10	92
27667	1	30
27669	1	31
27669	2	32
27669	3	33
27669	4	36
27669	5	41
27669	6	46
27669	7	54
27669	8	65
27669	9	74
27669	10	90
27674	1	45
27675	1	40
27897	1	55
28345	1	20
28345	2	21
28345	3	25
28345	4	28
28345	5	34
28345	6	39
28345	7	43
28345	8	47
28345	9	51
28345	10	55
28345	11	57
28345	12	59
28345	13	61
28345	14	67
28345	15	72
28486	1	21
28486	2	22
28486	3	23
28486	4	24
28486	5	25
28486	6	26
28486	7	27
28486	8	28
28486	9	30
28486	10	32
28486	11	34
28486	12	36
28486	13	38
28486	14	40
28486	15	42
28486	16	44
28486	17	46
28486	18	48
28486	19	50
28486	20	52
28486	21	54
28486	22	56
28486	23	58
28486	24	60
28486	25	62
28486	26	66
28486	27	70
28486	28	77
28486	29	82
28486	30	85
28486	31	87
28620	1	38
28620	2	39
28620	3	46
28620	4	49
28620	5	53
28620	6	58
28620	7	64
28620	8	76
28620	9	81
28620	10	86
28647	1	19
28647	2	20
28647	3	22
28647	4	27
28647	5	28
28647	6	31
28647	7	34
28647	8	37
28647	9	41
28647	10	45
28647	11	50
28647	12	55
28647	13	60
28647	14	69
28647	15	80
29500	1	1
29500	2	15
29500	3	16
29500	4	18
29500	5	20
29500	6	22
29500	7	25
29500	8	28
29500	9	31
29500	10	33
29500	11	35
29500	12	38
29500	13	40
29500	14	42
29500	15	44
29500	16	47
29500	17	49
29500	18	52
29500	19	54
29500	20	56
29500	21	59
29500	22	63
29500	23	65
29500	24	67
29500	25	70
29500	26	73
29500	27	75
29500	28	77
29500	29	79
29500	30	81
29500	31	83
29500	32	87
29966	1	21
29966	2	22
29966	3	23
29966	4	24
29966	5	25
29966	6	26
29966	7	27
29966	8	28
29966	9	29
29966	10	31
29966	11	33
29966	12	35
29966	13	37
29966	14	39
29966	15	41
29966	16	43
29966	17	45
29966	18	47
29966	19	49
29966	20	51
29966	21	55
29966	22	59
29966	23	63
29966	24	68
29966	25	71
29966	26	75
29966	27	79
29966	28	83
29966	29	86
29966	30	88
29966	31	91
32132	1	1
32132	2	15
32132	3	18
32132	4	20
32132	5	21
32132	6	23
32132	7	25
32132	8	27
32132	9	29
32132	10	31
32132	11	33
32132	12	35
32132	13	37
32132	14	39
32132	15	41
32132	16	43
32132	17	45
32132	18	47
32132	19	49
32132	20	53
32132	21	57
32132	22	60
32132	23	62
32132	24	64
32132	25	67
32132	26	69
32132	27	72
32132	28	74
32132	29	76
32132	30	80
32133	1	5
32133	2	16
32133	3	20
32133	4	24
32133	5	27
32133	6	29
32133	7	31
32133	8	34
32133	9	36
32133	10	38
32133	11	40
32133	12	42
32133	13	44
32133	14	46
32133	15	48
32133	16	50
32133	17	53
32133	18	55
32133	19	57
32133	20	59
32133	21	61
32133	22	63
32133	23	66
32133	24	68
32133	25	70
32134	1	10
32134	2	18
32134	3	21
32134	4	28
32134	5	37
32135	1	15
32135	2	19
32135	3	24
32135	4	30
32135	5	39
32135	6	45
32135	7	51
32135	8	61
32135	9	71
32135	10	78
32135	11	82
32135	12	86
32135	13	91
32135	14	97
32140	1	22
32142	1	25
32144	1	19
32144	2	21
32144	3	26
32144	4	32
32144	5	36
32144	6	42
32144	7	45
32144	8	48
32144	9	51
32144	10	54
32144	11	58
32144	12	63
32144	13	69
32144	14	72
32144	15	75
32144	16	78
32144	17	82
32145	1	15
32145	2	19
32145	3	25
32145	4	31
32145	5	41
32145	6	49
32145	7	54
32145	8	64
32145	9	73
32145	10	79
32145	11	85
32145	12	90
32146	1	8
32146	2	17
32146	3	20
32146	4	22
32146	5	26
32146	6	28
32146	7	30
32146	8	32
32146	9	34
32146	10	36
32146	11	38
32146	12	40
32146	13	42
32146	14	44
32146	15	46
32146	16	47
32146	17	49
32146	18	52
32146	19	55
32146	20	56
32146	21	58
32146	22	60
32146	23	62
32146	24	65
32146	25	68
32146	26	70
32146	27	73
32147	1	60
32148	1	35
32174	1	13
32174	2	17
32174	3	30
32174	4	38
32174	5	52
32174	6	59
32419	1	20
32419	2	24
32419	3	33
32419	4	41
32601	1	17
32601	2	19
32601	3	22
32601	4	27
32601	5	33
32601	6	35
32601	7	40
32601	8	43
32601	9	46
32601	10	50
32601	11	54
32601	12	57
32601	13	62
32601	14	65
32601	15	69
32601	16	71
32601	17	74
32601	18	77
32601	19	79
32601	20	81
32601	21	84
32601	22	86
32601	23	89
32601	24	91
32601	25	94
